epsilon
25
 1  0.0000000000
 2  0.1961483000
 3  0.2137041000
 4  0.2241394000
 5  0.2268604000
 6  0.2313630000
 7  0.2379173000
 8  0.2471371000
 9  0.2501756000
10  0.2512683000
11  0.2591849000
12  0.2613638000
13  0.2627216000
14  0.2636041000
15  0.2700004000
16  0.2700652000
17  0.2701398000
18  0.2728369000
19  0.2748396000
20  0.2748662000
21  0.2754900000
22  0.2766329000
23  0.2771501000
24  0.2814423000
25  0.2816296000
kappa
194
 1     8 -1.52699e-03
 1    13 -5.95936e-03
 1    17  5.13103e-03
 1    19  1.35025e-03
 1    21 -3.20753e-03
 1    22  9.52715e-04
 1    25  4.46656e-04
 1    27  1.71527e-03
 2    17 -1.64994e-05
 2    21 -1.15492e-05
 3     8  3.21737e-03
 3    13 -5.73353e-03
 3    17  2.24626e-03
 3    19 -4.66573e-03
 3    21  5.05789e-03
 3    22 -3.93472e-03
 3    25  1.07258e-04
 3    27  6.14984e-04
 4     8  1.66970e-04
 4    13 -9.17720e-03
 4    17  4.73780e-03
 4    19 -2.40648e-03
 4    21  2.58769e-03
 4    22 -1.57987e-03
 4    25  7.92475e-04
 4    27  3.16991e-03
 5     8  6.81655e-03
 5    13 -7.67399e-03
 5    17  3.24125e-03
 5    19 -4.30735e-03
 5    21  4.70271e-05
 5    22 -1.77290e-03
 5    25  2.36444e-04
 5    27  2.01554e-03
 6     8  6.70508e-03
 6    13  3.55913e-04
 6    17  2.61034e-03
 6    19  2.73610e-03
 6    21 -9.83676e-03
 6    22  3.88551e-03
 6    25  3.39845e-04
 6    27  1.85466e-03
 7     8 -3.00588e-03
 7    13 -2.91317e-03
 7    17  3.35904e-03
 7    19  3.96085e-03
 7    21 -5.50689e-03
 7    22  3.46415e-03
 7    25  8.37817e-04
 7    27  2.40477e-03
 8     8  5.54153e-04
 8    13 -8.73010e-03
 8    17  4.23883e-03
 8    19 -2.99172e-03
 8    21  3.20005e-03
 8    22 -1.86893e-03
 8    25  7.37026e-05
 8    27  2.18045e-03
 9     8  2.89895e-03
 9    13 -8.34928e-03
 9    17  4.53191e-03
 9    19 -1.87050e-03
 9    21  1.84978e-03
 9    22 -1.36929e-03
 9    25  1.41255e-03
 9    27  2.83078e-03
10     8  1.19782e-04
10    13 -9.61668e-03
10    17  4.58993e-03
10    19 -2.64962e-03
10    21  2.49027e-03
10    22 -1.63952e-03
10    25  3.62188e-04
10    27  2.45649e-03
11     8 -2.62857e-03
11    13 -1.91103e-03
11    17  3.19210e-03
11    19  3.88438e-03
11    21 -5.20786e-03
11    22  3.39102e-03
11    25  1.16991e-05
11    27  1.61254e-03
12     8  9.88720e-04
12    13 -4.82189e-03
12    17  5.03633e-03
12    19 -2.47677e-03
12    21  4.92087e-03
12    22 -1.12822e-03
12    25  6.34017e-04
12    27  4.21661e-03
13     8 -1.67296e-03
13    13 -2.15886e-03
13    17  3.35900e-03
13    19  4.77952e-03
13    21 -5.57031e-03
13    22  3.50564e-03
13    25  1.02752e-03
13    27  2.27252e-03
14     8 -2.79255e-03
14    13 -3.31845e-03
14    17  2.64073e-03
14    19  3.44559e-03
14    21 -4.62067e-03
14    22  3.14907e-03
14    25  1.42599e-04
14    27  1.66190e-03
15     8  3.60351e-04
15    13 -9.32002e-03
15    17  4.26788e-03
15    19 -2.84849e-03
15    21  2.38210e-03
15    22 -1.84329e-03
15    25  9.99665e-04
15    27  2.77800e-03
16     8  9.18204e-04
16    13 -5.29938e-03
16    17  5.37522e-04
16    19 -1.83043e-03
16    21  2.60799e-03
16    22 -1.15987e-03
16    25 -6.66239e-05
16    27  1.26746e-03
17     8 -3.34143e-03
17    13  4.66228e-03
17    17  2.33057e-03
17    19  3.44718e-04
17    21 -8.64314e-04
17    22 -5.08061e-03
17    25  1.65127e-03
17    27 -1.24417e-04
18     8  1.24157e-03
18    13 -8.28584e-03
18    17  3.62828e-03
18    19 -2.87827e-03
18    21  1.86217e-03
18    22 -1.77786e-03
18    25  1.88337e-04
18    27  2.69508e-03
19     8  5.96280e-04
19    13 -7.70982e-03
19    17  2.29783e-03
19    19 -2.74024e-03
19    21  3.55194e-03
19    22 -1.78367e-03
19    25  1.97689e-04
19    27  1.82615e-03
20     8 -3.32560e-04
20    13 -7.21328e-03
20    17  1.75873e-03
20    19 -2.83978e-04
20    21  4.93748e-04
20    22  8.19550e-04
20    25 -1.03467e-04
20    27  2.07801e-03
21     8  4.74550e-04
21    13 -9.27549e-03
21    17  4.42300e-03
21    19 -2.71022e-03
21    21  2.47616e-03
21    22 -1.57071e-03
21    25  7.93011e-04
21    27  2.84034e-03
22     8 -2.71736e-03
22    13  1.42324e-03
22    17  3.24683e-03
22    19  3.59238e-03
22    21 -3.28921e-03
22    22  1.88260e-03
22    25  4.69068e-04
22    27  3.15885e-03
23     8 -1.11855e-03
23    13 -3.06514e-03
23    17 -1.82955e-03
23    19  3.77741e-03
23    21 -3.16884e-03
23    22  4.54230e-03
23    25 -8.45831e-04
23    27  1.31611e-03
24     8  5.76277e-04
24    13 -7.85000e-03
24    17  4.50744e-03
24    19 -2.60013e-03
24    21  3.64003e-03
24    22 -1.85137e-03
24    25  3.33225e-04
24    27  2.31393e-03
25     8  5.82414e-04
25    13 -9.02503e-03
25    17  4.40274e-03
25    19 -2.34812e-03
25    21  2.46307e-03
25    22 -1.53722e-03
25    25  5.94357e-04
25    27  2.88665e-03
lambda
1805
 1   2   8  6.88581e-03
 1   2  13  9.46873e-03
 1   2  17  7.15866e-04
 1   2  19  8.42550e-03
 1   2  21 -1.29713e-02
 1   2  22  6.78969e-03
 1   2  25 -6.86784e-04
 1   2  27  9.79251e-04
 1   3  11  4.46913e-03
 1   3  15 -5.75462e-03
 1   3  18  1.96802e-03
 1   3  20 -6.81431e-03
 1   3  23 -1.51629e-03
 1   3  24  1.53630e-03
 1   3  26 -9.46393e-04
 1   4   9  4.51786e-03
 1   4  10  7.28009e-03
 1   4  16  3.16180e-03
 1   5   7  1.35425e-02
 1   5  12 -8.23414e-03
 1   5  14 -1.15200e-02
 1   6   9 -8.63000e-03
 1   6  10 -7.36132e-03
 1   6  16 -3.46685e-03
 1   7   7 -7.38919e-04
 1   7  12 -5.85202e-03
 1   7  14  9.28996e-03
 1   8   9 -1.52315e-03
 1   8  10 -4.05671e-04
 1   8  16  4.03634e-03
 1   9   7 -5.39831e-03
 1   9  12 -4.52652e-03
 1   9  14  5.81750e-03
 1  10  11 -3.01751e-04
 1  10  15  4.10646e-04
 1  10  18 -7.67369e-04
 1  10  20 -4.94911e-04
 1  10  23 -1.63895e-03
 1  10  24  2.02543e-04
 1  10  26  2.89959e-04
 1  11   7 -6.42032e-03
 1  11  12 -9.62866e-04
 1  11  14  5.15255e-03
 1  12   9  1.17571e-02
 1  12  10  1.79452e-02
 1  12  16 -5.08779e-03
 1  13   9  5.27037e-03
 1  13  10  6.00552e-04
 1  13  16  9.06806e-03
 1  14   8  9.72318e-04
 1  14  12 -1.59610e-05
 1  14  13  7.85396e-04
 1  14  17  1.66577e-03
 1  14  19 -3.00562e-03
 1  14  21  1.74884e-03
 1  14  22 -4.13637e-03
 1  14  25  7.77955e-04
 1  14  27 -4.06795e-04
 1  15   9  5.71850e-03
 1  15  10  8.06065e-03
 1  15  16  2.91010e-03
 1  15  17 -1.48702e-03
 1  15  27  4.57145e-04
 1  16   7  3.42677e-05
 1  16   8 -4.23761e-04
 1  16  13 -8.75954e-04
 1  16  19  2.55650e-03
 1  16  21 -3.63662e-03
 1  16  22  2.19162e-03
 1  16  25 -1.68600e-04
 1  16  27  4.13791e-04
 1  17   7  4.05814e-03
 1  17   8 -3.59200e-04
 1  17  12 -7.21207e-03
 1  17  14  2.94621e-03
 1  17  17 -1.46959e-03
 1  17  19  2.54378e-03
 1  17  21 -3.63288e-03
 1  17  22  2.22101e-03
 1  17  25 -2.21442e-04
 1  18   7  4.89580e-03
 1  18  12  7.21685e-04
 1  18  14  4.97281e-03
 1  19   8  2.24254e-05
 1  19  13  7.21027e-04
 1  19  17  1.25670e-03
 1  19  19 -1.47703e-03
 1  19  21  1.70889e-03
 1  19  22 -1.49562e-03
 1  19  25  8.85734e-04
 1  19  27 -1.07562e-04
 1  20  11  3.47582e-03
 1  20  13  7.62417e-04
 1  20  15 -7.27336e-04
 1  20  17  1.15915e-03
 1  20  18 -2.30255e-03
 1  20  19 -1.46433e-03
 1  20  20 -2.03436e-03
 1  20  21  1.79261e-03
 1  20  22 -1.47407e-03
 1  20  23 -3.13553e-03
 1  20  24  7.34823e-04
 1  20  26  4.38798e-04
 1  21   9 -5.67885e-03
 1  21  10 -8.17824e-03
 1  21  16 -4.04922e-03
 1  22   7 -7.82238e-03
 1  22  12  3.68384e-03
 1  22  14 -2.77841e-03
 1  23  11 -5.21215e-03
 1  23  15  1.29980e-03
 1  23  18  3.87248e-03
 1  23  20  1.83359e-03
 1  23  23  5.72189e-03
 1  23  24 -8.86500e-05
 1  23  26 -1.05337e-04
 1  24   9 -2.68974e-03
 1  24  10  6.21645e-03
 1  24  16  1.41157e-03
 1  25   7  4.06658e-03
 1  25  12  1.09538e-02
 1  25  14 -9.32785e-04
 2   3  11  2.79460e-03
 2   3  15  2.76162e-04
 2   3  18  2.12127e-03
 2   3  20  2.97487e-03
 2   3  23  3.26244e-03
 2   3  24 -2.53674e-05
 2   3  26 -2.51303e-04
 2   4   9 -2.23807e-05
 2   4  10  1.53199e-04
 2   4  16 -1.10139e-03
 2   5   7 -2.96182e-03
 2   5  12  2.22853e-03
 2   5  14 -1.68213e-03
 2   6   9 -1.27580e-03
 2   6  10 -1.86164e-04
 2   6  16 -2.90691e-04
 2   7   7 -9.61913e-05
 2   7  12 -6.86925e-04
 2   7  14  2.85219e-03
 2   8   9  5.79893e-04
 2   8  10 -2.70828e-04
 2   8  16 -1.33839e-04
 2   9   7  3.46723e-03
 2   9  12 -2.15628e-03
 2   9  14  5.98675e-04
 2  10  11  9.52051e-05
 2  10  15 -1.49564e-04
 2  10  18  4.71788e-04
 2  10  20  4.99254e-04
 2  10  23  5.94334e-04
 2  10  24  2.00166e-05
 2  10  26 -7.22046e-05
 2  11   7  2.52054e-04
 2  11  12 -3.57755e-03
 2  11  14  2.30299e-03
 2  12   7 -1.55113e-05
 2  12   9  2.34292e-03
 2  12  10  2.72718e-03
 2  12  16  5.43455e-04
 2  13   9 -8.38338e-04
 2  13  10 -4.48429e-03
 2  13  16  3.20555e-03
 2  14   8 -3.17546e-04
 2  14  13 -1.25871e-03
 2  14  17 -8.00729e-04
 2  14  19 -6.01382e-04
 2  14  21  1.88727e-03
 2  14  22  3.58591e-05
 2  14  25 -2.29501e-04
 2  14  27 -5.64606e-05
 2  15   9 -1.01724e-03
 2  15  10  6.81294e-05
 2  15  16  7.99055e-04
 2  15  17  1.09857e-03
 2  15  27 -2.83532e-05
 2  16   7 -9.40207e-05
 2  16   8  7.29562e-04
 2  16  13  4.08440e-03
 2  16  19  3.02149e-04
 2  16  21 -1.74715e-03
 2  16  22 -8.30068e-04
 2  16  25  3.70885e-04
 2  16  27 -4.26586e-05
 2  17   7 -1.79519e-03
 2  17   8  7.29532e-04
 2  17  12 -1.20148e-03
 2  17  14 -2.78787e-03
 2  17  17  1.03025e-03
 2  17  19  3.16171e-04
 2  17  21 -1.78876e-03
 2  17  22 -8.27237e-04
 2  17  25  3.62363e-04
 2  18   7 -2.59736e-03
 2  18  12  3.71628e-03
 2  18  14 -2.45310e-03
 2  19   8 -5.63855e-04
 2  19  13 -1.38508e-03
 2  19  17 -9.23832e-04
 2  19  19 -2.22643e-04
 2  19  21  1.36456e-03
 2  19  22  6.37802e-04
 2  19  25 -5.17350e-04
 2  19  27 -9.85555e-05
 2  20   8 -5.80460e-04
 2  20  11 -1.05636e-03
 2  20  13 -4.89007e-04
 2  20  15 -5.99710e-03
 2  20  17 -1.61955e-03
 2  20  18 -1.66714e-03
 2  20  19 -2.18802e-04
 2  20  20 -5.14615e-04
 2  20  21  1.41127e-03
 2  20  22  6.39616e-04
 2  20  23 -1.45957e-03
 2  20  24  3.07162e-04
 2  20  26 -4.89318e-03
 2  21   7  1.68976e-05
 2  21   9 -5.01128e-05
 2  21  10 -4.90450e-04
 2  21  16  2.16274e-03
 2  22   7  1.51157e-03
 2  22  12  8.36538e-03
 2  22  14 -2.00198e-03
 2  23  11  8.59405e-03
 2  23  15 -1.52261e-04
 2  23  18 -1.19428e-04
 2  23  20 -2.34776e-03
 2  23  23 -1.82178e-03
 2  23  24 -2.68621e-04
 2  23  26 -3.96632e-04
 2  24   7 -2.09024e-05
 2  24   9  1.92131e-03
 2  24  10  7.04947e-04
 2  24  16  6.53045e-04
 2  25   7 -1.33357e-03
 2  25  12  8.62661e-04
 2  25  14  7.58451e-04
 3   4   7 -1.54022e-04
 3   4  14  7.42323e-04
 3   5   9 -4.65666e-04
 3   5  10 -3.94284e-04
 3   5  16  2.13973e-05
 3   6   7  5.00114e-04
 3   6  12 -3.26758e-04
 3   6  14  2.00771e-04
 3   7   9  3.99013e-05
 3   7  10 -3.51512e-04
 3   7  16  5.79717e-04
 3   8   7 -1.62501e-04
 3   8  12 -1.99354e-03
 3   8  14  1.22068e-03
 3   9  10 -2.31166e-03
 3   9  16  2.16638e-03
 3  10   8  1.07811e-04
 3  10  13 -1.77573e-04
 3  10  17  7.77040e-05
 3  10  19 -2.17072e-04
 3  10  21  2.94683e-04
 3  10  22 -2.26230e-04
 3  10  25  3.28084e-05
 3  11   9 -1.17258e-04
 3  11  10  6.32332e-05
 3  11  16  1.48407e-04
 3  12   7  1.30985e-03
 3  12  12  5.12865e-03
 3  12  14 -1.09799e-03
 3  13   7 -2.68783e-04
 3  13  12 -6.89749e-04
 3  13  14  5.67870e-05
 3  14  11 -1.20791e-03
 3  14  15 -5.88043e-05
 3  14  18 -8.27371e-04
 3  14  20 -4.64985e-04
 3  14  23 -7.58983e-04
 3  14  24  6.46301e-05
 3  14  26  2.66881e-04
 3  15   7 -5.57796e-05
 3  15  12 -1.46586e-03
 3  15  14  8.57261e-04
 3  16   7  4.98588e-03
 3  16  11  6.90748e-05
 3  16  15  2.88801e-04
 3  16  18  2.42067e-03
 3  16  20  1.86397e-03
 3  16  23  2.47894e-03
 3  16  24 -8.26829e-05
 3  16  26 -8.60690e-04
 3  17   9  7.74666e-05
 3  17  10  1.05056e-03
 3  17  16 -1.06113e-03
 3  18   9 -8.07509e-04
 3  18  10  5.70941e-04
 3  18  16  1.27555e-03
 3  19   8  6.24900e-04
 3  19  11 -6.78888e-04
 3  19  13 -2.24339e-04
 3  19  15  9.64317e-03
 3  19  17  4.94561e-04
 3  19  18 -1.53124e-03
 3  19  19 -7.14054e-04
 3  19  20 -1.52744e-03
 3  19  21  4.58245e-04
 3  19  22 -4.99078e-04
 3  19  23 -1.74539e-03
 3  19  24  6.04199e-04
 3  19  26  9.55710e-03
 3  20   8  4.64932e-04
 3  20  13 -7.96496e-05
 3  20  17  2.70272e-04
 3  20  19 -2.82357e-04
 3  20  21  4.64517e-04
 3  20  22 -1.49059e-04
 3  20  25  5.28308e-04
 3  20  27  2.92159e-04
 3  21   7 -4.30732e-04
 3  21  12  1.22627e-03
 3  21  14 -3.44583e-03
 3  22   9  5.22644e-03
 3  22  10  3.42606e-03
 3  22  16 -6.67522e-04
 3  23   8 -1.40417e-03
 3  23  13 -1.17383e-03
 3  23  17  3.08179e-04
 3  23  19 -2.85993e-04
 3  23  21  8.98621e-04
 3  23  22 -1.08880e-03
 3  23  25 -3.75601e-04
 3  23  27 -5.20559e-05
 3  24   7  6.99441e-04
 3  24  12 -1.24520e-03
 3  24  14  1.41393e-03
 3  25   9  6.19289e-04
 3  25  10  3.86516e-03
 3  25  16 -2.92429e-03
 4   5  11  4.02675e-05
 4   5  18 -3.96805e-05
 4   5  20  9.91209e-05
 4   5  23 -6.41279e-05
 4   5  24 -1.07785e-04
 4   5  26  8.16143e-05
 4   6   8  6.40554e-05
 4   6  13 -2.59898e-03
 4   6  17 -2.50823e-04
 4   6  19 -2.47746e-03
 4   6  21  2.00291e-03
 4   6  22 -1.41175e-03
 4   6  25  1.01341e-04
 4   6  27 -2.95727e-04
 4   7  11  4.08546e-03
 4   7  15 -2.24414e-04
 4   7  18 -2.11701e-03
 4   7  20 -2.59728e-03
 4   7  23 -3.05718e-03
 4   7  24  2.52996e-05
 4   7  26  2.87075e-04
 4   8   7 -1.61097e-05
 4   8   8 -6.35469e-04
 4   8  13 -4.31867e-04
 4   8  19  1.02659e-04
 4   8  21 -7.95952e-05
 4   8  22 -1.99889e-04
 4   8  25 -2.58273e-04
 4   8  27  4.25895e-04
 4   9  11 -1.12834e-03
 4   9  15  3.41787e-04
 4   9  18  2.12547e-04
 4   9  20  1.05559e-03
 4   9  21  5.21117e-05
 4   9  23  1.13589e-03
 4   9  24  1.04221e-04
 4   9  26 -5.52738e-04
 4  10   7 -2.71282e-04
 4  10  12  2.45980e-03
 4  10  14 -1.20513e-03
 4  11  11  4.65949e-04
 4  11  15 -1.16027e-04
 4  11  18 -9.47223e-05
 4  11  20 -4.08333e-04
 4  11  23 -4.48062e-04
 4  11  24  4.66258e-05
 4  11  26  7.86851e-05
 4  12   7 -1.06477e-05
 4  12   8 -2.96505e-03
 4  12  13  1.16869e-03
 4  12  17  1.32871e-03
 4  12  19  2.78950e-03
 4  12  21 -1.16486e-03
 4  12  22  6.96439e-04
 4  12  25 -1.21954e-03
 4  12  27  1.23478e-03
 4  13   7 -1.94233e-05
 4  13   8  7.40367e-04
 4  13  13 -7.16057e-03
 4  13  17 -9.17244e-03
 4  13  19  9.30813e-04
 4  13  21 -9.94891e-03
 4  13  22  5.56655e-03
 4  13  25 -4.45163e-03
 4  13  27 -9.22326e-03
 4  14   9  2.20816e-04
 4  14  10  3.90224e-04
 4  14  16 -1.20533e-03
 4  15   7 -7.90626e-04
 4  15   8  3.91045e-04
 4  15  13 -8.92734e-04
 4  15  17  9.72390e-05
 4  15  19 -7.55653e-04
 4  15  21  3.62424e-03
 4  15  22 -4.78074e-05
 4  15  25  5.20519e-04
 4  15  27 -1.50624e-04
 4  16   7  1.91224e-03
 4  16   8 -1.86081e-04
 4  16   9 -4.18594e-04
 4  16  10  2.46652e-03
 4  16  16 -2.62759e-04
 4  16  17 -4.84806e-04
 4  16  19  5.95492e-05
 4  16  21 -6.06529e-04
 4  16  22  3.28721e-05
 4  17  11 -9.33262e-03
 4  17  13 -4.03955e-05
 4  17  15  2.45641e-05
 4  17  18  7.67457e-03
 4  17  20  9.75295e-05
 4  17  23  6.28929e-03
 4  17  24  2.74631e-05
 4  17  27 -7.42115e-04
 4  18  11 -7.33194e-04
 4  18  15 -6.48467e-04
 4  18  18  1.41532e-03
 4  18  20 -7.82907e-04
 4  18  21  3.45024e-05
 4  18  23 -7.64803e-04
 4  18  24 -1.47205e-03
 4  18  26  1.44643e-03
 4  19   9  6.91073e-03
 4  19  10  5.79828e-03
 4  19  16 -1.96501e-03
 4  20   7 -3.02568e-03
 4  20  12  4.11320e-03
 4  20  14 -5.75304e-03
 4  21   7 -1.78171e-05
 4  21   8  4.24847e-05
 4  21  13  6.54254e-05
 4  21  17  8.55775e-05
 4  21  19  1.69186e-04
 4  21  21 -2.25876e-04
 4  21  22 -2.27513e-04
 4  21  25  4.86997e-04
 4  21  27  4.44021e-05
 4  22  11  5.50280e-04
 4  22  15 -1.10000e-04
 4  22  18 -4.91809e-04
 4  22  20 -3.63070e-04
 4  22  21  1.31835e-05
 4  22  23 -5.06367e-04
 4  22  24  2.64046e-05
 4  22  26 -1.27644e-05
 4  23   7 -1.11807e-03
 4  23  12  1.93153e-03
 4  23  14 -3.25295e-03
 4  24   7 -1.71405e-05
 4  24   8  5.18459e-03
 4  24  13  1.13113e-03
 4  24  17 -5.42673e-03
 4  24  19 -5.90282e-03
 4  24  21  5.41349e-04
 4  24  22 -6.76716e-03
 4  24  25  5.52113e-03
 4  24  27 -5.15994e-03
 4  25  11 -5.14667e-03
 4  25  15 -3.32666e-03
 4  25  18 -1.00844e-03
 4  25  20 -5.36177e-03
 4  25  21  1.30060e-05
 4  25  23 -3.69265e-03
 4  25  24  2.05435e-04
 4  25  26 -2.93015e-03
 5   6  11  1.30906e-03
 5   6  15 -8.99260e-05
 5   6  18 -6.61991e-04
 5   6  20 -8.33297e-04
 5   6  23 -9.63656e-04
 5   6  26  9.47699e-05
 5   7   7  1.11719e-05
 5   7   8  3.48803e-04
 5   7   9 -1.10063e-05
 5   7  10 -1.09589e-05
 5   7  13  3.78145e-05
 5   7  16  1.11602e-05
 5   7  17 -2.81978e-05
 5   7  19 -1.90310e-04
 5   7  21 -9.64858e-05
 5   7  22 -4.98769e-05
 5   7  25  3.12537e-05
 5   8   7  1.12430e-05
 5   8  11 -8.41505e-04
 5   8  15 -6.24365e-05
 5   8  18  6.20712e-04
 5   8  20  9.25969e-04
 5   8  23 -1.54302e-04
 5   8  24  8.04554e-04
 5   8  26  3.24060e-04
 5   9   8  4.30306e-03
 5   9  13  9.19744e-04
 5   9  17 -2.98313e-04
 5   9  19 -9.30822e-04
 5   9  21 -1.53780e-03
 5   9  22  3.56715e-04
 5   9  25  5.70018e-04
 5   9  27 -1.68580e-04
 5  10   9  5.34389e-04
 5  10  10  1.28996e-03
 5  10  16  1.14674e-04
 5  11   7 -1.37814e-05
 5  11   8 -6.89765e-05
 5  11   9  1.37899e-05
 5  11  10  1.37395e-05
 5  11  13 -7.19921e-05
 5  11  16 -1.38851e-05
 5  11  17  6.84507e-05
 5  11  19 -1.13124e-03
 5  11  21  1.22074e-03
 5  11  22 -1.26211e-04
 5  12   7  1.80345e-05
 5  12  11 -2.69009e-03
 5  12  15  1.29674e-03
 5  12  18  5.46766e-04
 5  12  20  3.28929e-03
 5  12  23 -6.09281e-04
 5  12  24  2.25759e-03
 5  12  25 -1.69217e-05
 5  12  26  7.45935e-04
 5  13  11  2.80512e-03
 5  13  15 -2.51795e-04
 5  13  18 -1.44373e-03
 5  13  20 -1.90021e-03
 5  13  23 -1.78238e-03
 5  13  24 -2.00552e-04
 5  13  26  2.08356e-05
 5  14   7 -2.77906e-03
 5  14  12  2.14211e-03
 5  14  14 -1.72059e-03
 5  15   7  6.61411e-03
 5  15   8  7.02648e-05
 5  15  11  1.66456e-03
 5  15  13 -2.38464e-05
 5  15  15 -1.61012e-04
 5  15  18 -3.12636e-04
 5  15  19 -9.50979e-05
 5  15  20 -8.59971e-04
 5  15  21  4.82850e-05
 5  15  22 -1.51756e-04
 5  15  23  3.02477e-04
 5  15  24 -7.90790e-05
 5  15  26 -8.66401e-04
 5  16   7  1.01612e-04
 5  16  12 -5.01646e-03
 5  16  14  4.41330e-03
 5  16  21 -3.86593e-05
 5  16  25 -1.72806e-05
 5  16  27 -5.19326e-05
 5  17   8  3.49413e-03
 5  17  13  8.21854e-04
 5  17  17 -3.90069e-05
 5  17  19 -1.43426e-04
 5  17  21  8.14367e-05
 5  17  22 -1.59925e-04
 5  17  25 -2.14433e-05
 5  17  27 -3.58684e-05
 5  18   8 -3.60314e-03
 5  18  13 -1.40921e-03
 5  18  17  2.03215e-04
 5  18  19  2.96822e-04
 5  18  21  1.35583e-03
 5  18  22 -1.38536e-04
 5  18  25  3.26171e-04
 5  18  27  6.69737e-04
 5  19   7 -5.88326e-03
 5  19  12  4.46119e-03
 5  19  14 -3.63150e-03
 5  20   9 -3.67568e-04
 5  20  10 -7.99163e-04
 5  20  16 -2.59054e-04
 5  21   7 -1.71811e-05
 5  21  11 -5.80017e-04
 5  21  15 -3.15350e-04
 5  21  18  6.83868e-04
 5  21  20 -5.28183e-04
 5  21  23 -1.85406e-04
 5  21  24 -1.46787e-03
 5  21  26  1.04721e-03
 5  22   8 -3.07280e-03
 5  22  13 -6.91839e-03
 5  22  17 -1.42197e-04
 5  22  19 -2.85927e-03
 5  22  21  2.69185e-03
 5  22  22 -3.17360e-03
 5  22  25  9.60372e-05
 5  22  27 -3.08812e-03
 5  23   9  1.90505e-03
 5  23  10  8.95545e-04
 5  23  16  1.09265e-04
 5  24   7  2.16147e-05
 5  24  11 -1.01686e-02
 5  24  15 -5.51106e-03
 5  24  18 -1.35480e-03
 5  24  20  8.08108e-03
 5  24  21 -1.18434e-05
 5  24  23 -5.82789e-03
 5  24  24  1.26464e-03
 5  24  26 -5.96361e-03
 5  25   7 -2.09615e-04
 5  25   8 -1.19562e-03
 5  25   9  2.10295e-04
 5  25  10  2.10450e-04
 5  25  13 -4.18307e-04
 5  25  16 -2.10640e-04
 5  25  17  1.92225e-05
 5  25  19 -1.24770e-03
 5  25  21  4.67108e-04
 5  25  22 -2.04986e-03
 5  25  25 -8.70322e-05
 5  25  27 -2.23347e-04
 6   7  11  2.55133e-05
 6   7  15  4.86867e-05
 6   7  18 -2.90525e-05
 6   7  20  5.19152e-05
 6   7  23  2.63334e-05
 6   7  24  2.78735e-04
 6   7  26 -2.04321e-04
 6   8   7 -2.70478e-05
 6   8  13 -5.99893e-04
 6   8  17  6.99549e-05
 6   8  19 -5.81439e-04
 6   8  21  6.95345e-04
 6   8  22 -1.05965e-04
 6   8  25  3.47551e-05
 6   9  11  1.35930e-03
 6   9  15 -1.05311e-04
 6   9  18 -6.63530e-04
 6   9  20 -8.15300e-04
 6   9  23 -9.37032e-04
 6   9  24  1.72507e-05
 6   9  26  1.03885e-04
 6  10   7 -8.88129e-05
 6  10  14  1.97564e-05
 6  11  11 -1.10053e-03
 6  11  15  8.00908e-05
 6  11  18  2.53043e-04
 6  11  20  1.56795e-03
 6  11  23 -1.35532e-04
 6  11  24  1.23330e-03
 6  11  26  1.56152e-04
 6  12   8  6.45299e-04
 6  12  13 -1.73810e-04
 6  12  17  4.79928e-04
 6  12  19 -2.07334e-03
 6  12  21  1.65577e-03
 6  12  22  1.80215e-03
 6  12  25  7.77767e-05
 6  12  27 -3.25984e-04
 6  13   8  4.05613e-03
 6  13  13  1.28385e-03
 6  13  17  6.30294e-04
 6  13  19 -4.61716e-04
 6  13  21 -9.44991e-04
 6  13  22  3.56997e-04
 6  13  25  9.33289e-04
 6  13  27  4.64844e-04
 6  14   9  4.95712e-04
 6  14  10  1.16273e-03
 6  14  16  9.28491e-05
 6  15   7  1.95145e-05
 6  15   8 -2.78791e-05
 6  15  13  8.87883e-04
 6  15  17 -7.07800e-05
 6  15  19  8.82574e-04
 6  15  21 -1.10206e-03
 6  15  22  1.58935e-04
 6  15  25 -7.77333e-05
 6  15  27 -6.25284e-05
 6  16   7 -5.44476e-05
 6  16   8 -4.21618e-05
 6  16   9 -2.79976e-04
 6  16  10  2.86893e-04
 6  16  16  8.64347e-04
 6  16  17 -6.81763e-05
 6  16  19  1.77228e-04
 6  16  21 -2.85673e-04
 6  16  22  1.74108e-04
 6  17  11  2.63053e-03
 6  17  13  2.53236e-04
 6  17  15 -9.49494e-04
 6  17  18 -1.16349e-03
 6  17  20 -1.94771e-03
 6  17  23  2.49218e-04
 6  17  24 -1.23890e-03
 6  17  26 -6.31944e-04
 6  17  27 -6.28893e-05
 6  18  11 -7.18625e-04
 6  18  15  5.99298e-05
 6  18  18  3.55378e-04
 6  18  20  4.26671e-04
 6  18  23  5.52082e-04
 6  18  24 -1.04393e-04
 6  18  26 -9.63294e-05
 6  19   9  1.55984e-04
 6  19  10 -2.04011e-04
 6  19  16  1.86955e-04
 6  20   7 -6.51277e-03
 6  20  12  4.63887e-03
 6  20  14 -3.50328e-03
 6  21   8 -6.58435e-05
 6  21  13  2.23711e-03
 6  21  17  2.21440e-05
 6  21  19  2.39146e-03
 6  21  21 -2.19228e-03
 6  21  22 -1.02074e-04
 6  21  25  2.94060e-05
 6  22  11 -1.78521e-03
 6  22  15  1.51693e-03
 6  22  18  5.76644e-04
 6  22  20  2.92367e-03
 6  22  23 -1.40102e-03
 6  22  24  2.75646e-03
 6  22  25 -2.09771e-05
 6  22  26  4.96330e-04
 6  23   7  1.15694e-02
 6  23  12 -8.46710e-03
 6  23  14  6.74810e-03
 6  24   7  2.66111e-05
 6  24   8 -4.02075e-04
 6  24  13  1.47496e-03
 6  24  17  4.10505e-04
 6  24  19  1.77952e-03
 6  24  21 -1.65437e-03
 6  24  22  4.47778e-04
 6  24  25 -4.34494e-04
 6  24  27  3.76299e-04
 6  25  11 -7.16530e-05
 6  25  15  2.38440e-04
 6  25  18  2.53900e-04
 6  25  20  6.43658e-04
 6  25  23  5.36127e-04
 6  25  24  6.72665e-05
 6  25  26  1.57571e-04
 7   8  11  1.53621e-04
 7   8  15  9.36687e-05
 7   8  18  4.96690e-05
 7   8  23 -3.02352e-05
 7   8  24  1.25295e-05
 7   8  26  1.46290e-04
 7   9   7 -1.83311e-05
 7   9   8 -7.07327e-04
 7   9   9  1.83186e-05
 7   9  10  1.82515e-05
 7   9  13  5.68034e-04
 7   9  16 -1.82806e-05
 7   9  17 -8.28835e-05
 7   9  19  4.12915e-04
 7   9  21 -6.79070e-04
 7   9  22  3.00421e-04
 7   9  25 -1.02065e-04
 7   9  27 -1.13849e-04
 7  10   9  2.05360e-05
 7  10  10  3.55206e-05
 7  10  16 -2.68557e-05
 7  11   7 -7.44311e-05
 7  11   8  1.30868e-03
 7  11   9  7.42681e-05
 7  11  10  7.42876e-05
 7  11  13  7.43461e-04
 7  11  16 -7.42888e-05
 7  11  17 -1.08851e-04
 7  11  19 -1.35033e-04
 7  11  21 -1.50566e-03
 7  11  22 -2.21434e-04
 7  11  25  1.87356e-04
 7  11  27 -1.96703e-04
 7  12  11  3.69531e-04
 7  12  15 -1.23012e-04
 7  12  18 -5.20085e-04
 7  12  20 -1.47037e-04
 7  12  21 -1.16038e-05
 7  12  23 -1.28934e-04
 7  12  24 -3.34143e-05
 7  12  26  1.12695e-04
 7  13  11  1.32911e-03
 7  13  15  8.43569e-05
 7  13  18 -1.09167e-03
 7  13  20 -5.05169e-04
 7  13  23 -7.00720e-04
 7  13  24 -3.18009e-05
 7  13  26 -2.48253e-04
 7  14   7  2.80466e-05
 7  14  12  1.91756e-03
 7  14  14 -1.14011e-03
 7  15   7 -1.61886e-03
 7  15   8 -4.40057e-04
 7  15  11  2.44982e-03
 7  15  13  7.91306e-04
 7  15  15  9.58291e-05
 7  15  18 -2.90990e-04
 7  15  19  5.08595e-04
 7  15  20  2.08977e-04
 7  15  21  5.56376e-04
 7  15  22 -4.41431e-04
 7  15  23 -9.44944e-05
 7  15  24  1.00918e-04
 7  16   7  1.03533e-05
 7  16  12 -6.80882e-04
 7  16  14  2.40375e-03
 7  16  17  1.00319e-04
 7  16  21 -5.29349e-05
 7  16  25 -4.12560e-04
 7  16  27  2.65258e-04
 7  17   7  2.56445e-05
 7  17   8 -3.46507e-04
 7  17   9 -3.91013e-05
 7  17  10 -3.91317e-05
 7  17  13  3.59617e-04
 7  17  16  3.92390e-05
 7  17  17  1.25510e-05
 7  17  19  4.01505e-04
 7  17  21  6.30821e-04
 7  17  22 -5.44761e-04
 7  17  25 -3.84689e-04
 7  17  27  2.44077e-04
 7  18   7 -1.73411e-05
 7  18   9  1.82904e-05
 7  18  10  1.82771e-05
 7  18  13  6.49267e-04
 7  18  16 -1.81314e-05
 7  18  17 -2.49527e-05
 7  18  19  1.83469e-04
 7  18  21 -1.44155e-04
 7  18  22 -1.49345e-04
 7  18  25 -1.79910e-05
 7  18  27 -1.13540e-04
 7  19   7  6.19477e-04
 7  19  12 -6.86205e-04
 7  19  14 -3.13092e-04
 7  20   9  1.52055e-04
 7  20  10  3.57247e-04
 7  20  16 -1.94614e-03
 7  21  11 -7.51908e-05
 7  21  15  1.30720e-04
 7  21  18 -7.39427e-05
 7  21  20  1.85298e-04
 7  21  23  1.53817e-04
 7  21  24 -3.47082e-05
 7  21  26  7.09225e-05
 7  22   7 -5.02097e-05
 7  22   8  3.59458e-04
 7  22   9  4.90318e-05
 7  22  10  4.92854e-05
 7  22  13 -6.81297e-04
 7  22  16 -4.98400e-05
 7  22  17 -2.93475e-04
 7  22  19 -1.23359e-03
 7  22  21 -5.83908e-04
 7  22  22 -3.40900e-04
 7  22  25  9.21067e-04
 7  22  27 -1.65431e-03
 7  23   9  2.03928e-04
 7  23  10  5.43680e-03
 7  23  16  1.76643e-03
 7  24  11  1.61529e-03
 7  24  15 -9.19146e-04
 7  24  18  1.70978e-04
 7  24  20 -1.22675e-03
 7  24  21 -1.63822e-05
 7  24  23 -8.94380e-04
 7  24  24 -9.23424e-05
 7  24  26 -7.29198e-04
 7  25   7 -7.30592e-03
 7  25   8  3.32532e-03
 7  25   9  7.30362e-03
 7  25  10  7.30925e-03
 7  25  13  3.98583e-03
 7  25  16 -7.30646e-03
 7  25  17  3.11592e-03
 7  25  19  9.82190e-04
 7  25  21  3.15430e-03
 7  25  22  1.50816e-03
 7  25  25  7.45951e-03
 7  25  27 -7.31140e-03
 8   9  11 -5.63895e-05
 8   9  15  3.75169e-05
 8   9  18 -3.28646e-04
 8   9  20  1.69054e-04
 8   9  23  5.84199e-05
 8   9  24 -1.79967e-05
 8   9  26 -5.85749e-05
 8  10   7  1.10024e-04
 8  10  14  3.19657e-04
 8  11  11  3.53236e-03
 8  11  15 -2.55084e-04
 8  11  18 -1.75844e-03
 8  11  20 -2.37591e-03
 8  11  23 -2.68024e-03
 8  11  24  5.03764e-05
 8  11  26  2.45784e-04
 8  12   8 -1.78579e-03
 8  12  13 -2.75570e-03
 8  12  17 -2.05730e-03
 8  12  19 -1.80559e-04
 8  12  21 -2.75096e-03
 8  12  22  1.24402e-04
 8  12  25  1.47965e-03
 8  12  27  3.07109e-04
 8  13   7 -2.40711e-05
 8  13   8 -9.74786e-04
 8  13  13 -1.08693e-03
 8  13  17 -9.14576e-04
 8  13  19 -7.88274e-04
 8  13  21  1.66286e-03
 8  13  22 -9.69976e-04
 8  13  25 -1.04487e-03
 8  13  27 -1.00215e-03
 8  14   9  1.61844e-04
 8  14  10 -5.34777e-05
 8  14  16 -6.34611e-05
 8  15   7  7.09388e-04
 8  15   8 -4.56488e-05
 8  15  13  1.13001e-04
 8  15  17 -9.88675e-05
 8  15  19  1.80592e-05
 8  15  21 -1.35936e-03
 8  15  22 -1.40050e-04
 8  15  25 -3.18148e-04
 8  15  27  1.63452e-05
 8  16   7  2.96231e-03
 8  16   8 -4.29861e-05
 8  16   9 -3.24558e-04
 8  16  10 -6.23241e-04
 8  16  16 -2.98606e-03
 8  16  17 -9.31979e-05
 8  16  19  2.62121e-05
 8  16  21  3.42369e-05
 8  16  22 -1.68639e-04
 8  17  11  3.12995e-03
 8  17  13  8.96100e-05
 8  17  15  6.25044e-05
 8  17  18 -1.08348e-03
 8  17  20 -4.19546e-04
 8  17  23 -1.53384e-04
 8  17  26  9.77758e-05
 8  17  27  3.12345e-05
 8  18  11  5.16385e-05
 8  18  15 -1.08005e-03
 8  18  18 -9.64951e-05
 8  18  20 -8.56247e-04
 8  18  21 -1.51290e-05
 8  18  23  4.46408e-04
 8  18  24 -6.68337e-05
 8  18  26 -3.30526e-04
 8  19   9 -7.55716e-04
 8  19  10 -1.71632e-03
 8  19  16 -7.56560e-04
 8  20   7  1.47056e-03
 8  20  12 -5.03630e-03
 8  20  14  3.57255e-03
 8  21   7 -3.37928e-05
 8  21   8  1.61566e-05
 8  21  13  3.18253e-05
 8  21  17  8.38801e-05
 8  21  19 -2.10759e-04
 8  21  21 -4.29923e-04
 8  21  22  3.60628e-04
 8  21  25  1.03175e-04
 8  21  27 -1.29302e-05
 8  22  11 -9.86358e-05
 8  22  15 -4.25154e-05
 8  22  18  3.36697e-05
 8  22  20  1.01726e-04
 8  22  23  1.47863e-05
 8  22  24  2.00128e-05
 8  22  26 -1.88602e-05
 8  23   7  9.13055e-04
 8  23  12 -3.56966e-03
 8  23  14  2.49258e-03
 8  24   7 -2.47864e-05
 8  24   8 -2.17703e-03
 8  24  13 -1.36565e-03
 8  24  17  1.46173e-03
 8  24  19  1.62649e-03
 8  24  21 -9.22380e-04
 8  24  22  1.86799e-03
 8  24  25 -1.51308e-03
 8  24  27  2.13706e-03
 8  25  11 -2.99794e-03
 8  25  15 -7.41184e-03
 8  25  18 -6.29187e-04
 8  25  20 -9.42087e-03
 8  25  21 -1.02699e-05
 8  25  23 -6.07760e-03
 8  25  24 -2.16990e-04
 8  25  26 -6.96224e-03
 9  10   9  2.34190e-05
 9  10  10  5.96222e-05
 9  11   8 -1.37083e-04
 9  11  13 -6.55099e-05
 9  11  17  1.18410e-05
 9  11  19 -4.84884e-04
 9  11  21  5.40832e-04
 9  11  22  3.87703e-05
 9  11  25 -2.13459e-05
 9  12   7 -1.80546e-05
 9  12  11  2.30953e-04
 9  12  15 -5.48710e-04
 9  12  18 -1.05762e-03
 9  12  20 -3.06337e-04
 9  12  21  2.18452e-05
 9  12  23  4.38088e-04
 9  12  24 -3.93650e-04
 9  12  26  2.50246e-05
 9  13  11  3.57579e-03
 9  13  15 -1.95635e-04
 9  13  18 -1.72149e-03
 9  13  20 -2.30116e-03
 9  13  23 -2.74319e-03
 9  13  24  7.03474e-05
 9  13  26  2.55999e-04
 9  14   7  7.32746e-04
 9  14  12 -4.58331e-04
 9  14  14  2.47636e-04
 9  15   7 -4.98999e-03
 9  15   8 -3.88705e-04
 9  15  11 -3.02729e-03
 9  15  13  6.77547e-04
 9  15  15  1.22284e-04
 9  15  18  1.52833e-03
 9  15  19  1.91442e-04
 9  15  20  8.06453e-04
 9  15  22 -3.68819e-04
 9  15  23  1.00632e-03
 9  15  24  3.46353e-04
 9  15  26 -7.67800e-05
 9  16   7 -1.25606e-04
 9  16  12  2.27907e-03
 9  16  14 -1.15201e-03
 9  16  17 -8.62379e-05
 9  16  21  1.44913e-04
 9  16  25  1.20597e-04
 9  16  27 -2.63115e-04
 9  17   8  9.13691e-05
 9  17  13 -8.16408e-04
 9  17  17 -6.95893e-05
 9  17  19  2.16873e-04
 9  17  21  1.04590e-05
 9  17  22 -3.46470e-04
 9  17  25  1.17327e-04
 9  17  27 -2.58044e-04
 9  18   8  1.82168e-03
 9  18  13  5.98427e-04
 9  18  17  2.28253e-05
 9  18  19 -4.22641e-04
 9  18  21 -7.01060e-04
 9  18  22  3.20425e-04
 9  18  25 -2.10062e-04
 9  18  27  3.02451e-04
 9  19   7  1.81246e-03
 9  19  12 -2.50968e-03
 9  19  14  1.15272e-03
 9  20   9  2.28111e-04
 9  20  10  1.33392e-04
 9  20  16  3.92418e-04
 9  21   7  2.40804e-05
 9  21  11  1.86374e-04
 9  21  18 -7.13798e-04
 9  21  20 -1.93545e-05
 9  21  23  7.94152e-05
 9  21  24  1.57772e-04
 9  21  26 -3.92621e-04
 9  22   8 -2.31695e-03
 9  22  13 -2.49946e-03
 9  22  17 -4.90347e-05
 9  22  19 -1.72883e-03
 9  22  21  1.65195e-03
 9  22  22 -1.73435e-03
 9  22  25 -7.46207e-05
 9  22  27 -1.87898e-03
 9  23   9  1.95406e-03
 9  23  10  5.27722e-04
 9  24   7 -3.22837e-05
 9  24  11  1.06873e-02
 9  24  15 -6.56436e-03
 9  24  18  1.73258e-04
 9  24  20 -7.94367e-03
 9  24  21  5.56076e-05
 9  24  23 -5.81724e-03
 9  24  24 -1.12330e-03
 9  24  26 -6.28830e-03
 9  25   7  9.65605e-04
 9  25   8  3.22079e-04
 9  25   9 -9.65922e-04
 9  25  10 -9.66977e-04
 9  25  13 -4.47898e-04
 9  25  16  9.66685e-04
 9  25  19  5.35789e-04
 9  25  21 -2.48654e-04
 9  25  22  5.21039e-04
 9  25  25 -5.99938e-04
 9  25  27  1.27145e-03
10  11  10  1.22829e-05
10  11  16  1.34211e-05
10  12   7 -1.40431e-04
10  12  12 -7.90788e-04
10  12  14  1.03056e-04
10  13  12  1.53224e-04
10  13  14  1.08182e-05
10  14  11  3.46146e-03
10  14  15 -2.55600e-04
10  14  18 -1.79266e-03
10  14  20 -2.26074e-03
10  14  23 -2.60893e-03
10  14  24  4.44656e-05
10  14  26  2.26845e-04
10  15  12  3.20336e-03
10  15  14 -1.64026e-03
10  16   7 -5.98782e-04
10  16  11  1.70017e-03
10  16  15  8.91160e-05
10  16  18 -1.16299e-03
10  16  20 -8.81592e-04
10  16  23 -1.12767e-03
10  16  24 -4.69607e-05
10  16  26  9.94012e-05
10  17   9  1.12609e-05
10  17  10 -2.66251e-05
10  17  16  5.06201e-05
10  18   9  1.75599e-04
10  18  10  3.91520e-04
10  19   8 -1.39803e-04
10  19  11 -5.59549e-04
10  19  13 -1.99135e-04
10  19  15  3.62046e-04
10  19  17  3.73711e-05
10  19  19 -1.29383e-04
10  19  20  3.20051e-04
10  19  21  1.20973e-04
10  19  22 -1.18425e-04
10  19  23  2.38436e-04
10  19  24 -1.00898e-04
10  19  26 -1.53580e-03
10  20   8 -1.40527e-04
10  20  13 -2.12834e-04
10  20  17  1.10764e-05
10  20  19 -1.27305e-04
10  20  21  1.30212e-04
10  20  22 -1.06162e-04
10  20  25  2.18894e-05
10  20  27  7.63030e-05
10  21   7 -4.48416e-05
10  21  12  6.41032e-04
10  21  14  1.33269e-05
10  22   9 -4.03933e-03
10  22  10 -2.55408e-03
10  22  16 -4.70369e-05
10  23   8 -3.11567e-04
10  23  13 -3.84642e-05
10  23  17 -3.20879e-04
10  23  19  1.15784e-04
10  23  22  1.63445e-04
10  23  25 -7.40651e-05
10  23  27 -4.02218e-05
10  24   7 -3.88769e-04
10  24  12 -4.08335e-04
10  24  14 -1.88909e-04
10  25   9 -3.80389e-04
10  25  10 -3.04847e-04
10  25  16 -2.64690e-04
11  12  11 -9.74782e-05
11  12  15  1.29225e-05
11  12  18  3.15051e-05
11  12  20  6.86450e-05
11  12  23  6.94080e-05
11  13  11 -5.04364e-05
11  13  15  9.01644e-05
11  13  18 -3.10896e-04
11  13  20  2.27170e-04
11  13  23  1.26796e-04
11  13  24 -4.91947e-05
11  13  26 -5.71974e-05
11  14   7  9.39348e-05
11  14  12  1.16105e-04
11  14  14  2.49390e-04
11  15   7  8.52443e-05
11  15   8  1.09056e-04
11  15  11  1.25484e-03
11  15  13  7.07908e-04
11  15  15 -1.84529e-05
11  15  18 -1.14714e-03
11  15  19  3.86819e-05
11  15  21  4.57499e-04
11  15  22 -4.58277e-04
11  15  23 -7.41253e-04
11  16  12 -7.32951e-04
11  16  14  1.63827e-03
11  16  17  1.43295e-04
11  16  21 -1.12330e-05
11  16  25 -3.97599e-05
11  16  27 -1.12026e-04
11  17   8  1.22027e-04
11  17  13  6.71815e-04
11  17  17  1.24751e-04
11  17  19 -4.82497e-05
11  17  21  5.15146e-04
11  17  22 -4.21755e-04
11  17  25 -5.04451e-05
11  17  27 -1.03009e-04
11  18   8 -4.93985e-04
11  18  13  8.58035e-04
11  18  17 -1.01036e-05
11  18  19 -4.39939e-04
11  18  21  5.92729e-04
11  18  22 -5.76921e-04
11  18  25  4.25535e-05
11  18  27 -4.29867e-04
11  19   7 -8.12402e-05
11  19  12  1.59322e-04
11  19  14 -3.23168e-04
11  20   9  2.16702e-04
11  20  16 -2.20188e-04
11  21  11  1.27824e-05
11  21  18  4.43722e-05
11  21  20  1.38689e-05
11  21  23  1.35531e-05
11  22   8 -1.37394e-04
11  22  13 -3.56405e-04
11  22  17 -6.69086e-04
11  22  19 -6.15026e-04
11  22  21 -5.46451e-04
11  22  22 -4.57335e-04
11  22  27  1.19296e-04
11  23   9 -1.81880e-04
11  23  10 -1.28686e-03
11  23  16  1.16763e-03
11  24  11 -3.93566e-05
11  24  15  5.51531e-05
11  24  20  6.25948e-05
11  24  24  2.63661e-05
11  24  26  5.69117e-05
11  25   7  1.64873e-03
11  25   8 -1.76128e-03
11  25   9 -1.64786e-03
11  25  10 -1.64944e-03
11  25  13 -1.13851e-04
11  25  16  1.64912e-03
11  25  17 -1.47531e-03
11  25  19  4.11395e-03
11  25  21 -4.60486e-03
11  25  22  8.26448e-04
11  25  25 -1.66737e-03
11  25  27  1.60817e-03
12  13   8  3.23922e-04
12  13  13  1.13068e-04
12  13  17  4.10858e-04
12  13  19 -1.08823e-03
12  13  21  1.61695e-03
12  13  22 -7.96361e-04
12  13  25  7.95153e-05
12  13  27  2.51143e-04
12  14   9  5.81246e-05
12  14  10  9.37120e-05
12  15   7  4.16498e-04
12  15   8  2.86896e-04
12  15  13  4.51101e-04
12  15  17 -3.27527e-05
12  15  19 -2.52085e-04
12  15  21 -8.74183e-04
12  15  22  9.27629e-05
12  15  25  6.20191e-04
12  15  27 -4.10713e-04
12  16   8  2.59439e-04
12  16   9  5.37600e-04
12  16  10 -6.70148e-04
12  16  16  1.50049e-04
12  16  17 -4.45560e-05
12  16  19 -2.94598e-04
12  16  21 -1.14080e-04
12  16  22  1.03878e-04
12  17  11 -1.98553e-03
12  17  13  4.51948e-04
12  17  15  1.84790e-05
12  17  18  1.13399e-04
12  17  20  7.87044e-04
12  17  23  1.03593e-04
12  17  24  1.14573e-05
12  17  26 -1.11343e-04
12  17  27 -4.13748e-04
12  18  11  9.48749e-04
12  18  15  2.06980e-04
12  18  18  1.07549e-03
12  18  20 -1.56165e-03
12  18  24 -1.09409e-03
12  18  26 -9.75643e-05
12  19   9  3.29114e-04
12  19  10  7.55224e-04
12  19  16  1.35720e-04
12  20   7  2.44552e-04
12  20  12 -3.29140e-04
12  20  14  1.35989e-04
12  21   8 -4.11041e-04
12  21  13 -2.89134e-04
12  21  17 -9.92257e-05
12  21  19  4.55117e-04
12  21  21 -4.82273e-05
12  21  25 -1.64790e-04
12  21  27  1.66141e-04
12  22  11  4.05625e-03
12  22  15 -2.44763e-04
12  22  18 -2.15595e-03
12  22  20 -2.59838e-03
12  22  23 -3.01983e-03
12  22  24  7.85731e-05
12  22  26  2.75623e-04
12  23   7 -1.80401e-04
12  23  12 -3.82435e-04
12  23  14  4.31585e-05
12  24   8 -1.89355e-03
12  24  13 -3.51824e-03
12  24  17 -2.22947e-04
12  24  19  5.04002e-04
12  24  21 -2.26335e-03
12  24  22  9.79322e-04
12  24  25 -3.68233e-04
12  24  27  8.20678e-04
12  25  11 -1.57571e-03
12  25  15  1.23969e-03
12  25  18 -2.88044e-04
12  25  20  8.87711e-04
12  25  21 -1.32749e-05
12  25  23  1.00477e-03
12  25  24 -3.41709e-04
12  25  26  1.61900e-03
13  14   9  2.13072e-05
13  14  10  5.63059e-05
13  15   7  3.46794e-05
13  15   8 -1.27845e-05
13  15  13  4.33921e-04
13  15  17  1.38973e-05
13  15  19  7.03512e-04
13  15  21 -6.06819e-04
13  15  22  2.60475e-04
13  15  25  3.75798e-04
13  15  27  1.17615e-05
13  16   7 -3.70817e-05
13  16   8  3.71696e-04
13  16   9 -6.88999e-04
13  16  10  8.39572e-05
13  16  16  1.05649e-03
13  16  17  4.02620e-04
13  16  19  2.68486e-04
13  16  21  4.38675e-05
13  16  22  7.03801e-04
13  17  11  5.76092e-04
13  17  13  6.34054e-05
13  17  15  8.78913e-05
13  17  18 -2.73380e-05
13  17  20 -6.48113e-05
13  17  23 -3.99436e-04
13  17  24  1.22955e-04
13  17  27  4.01337e-04
13  18  11  1.62347e-04
13  18  15  4.94602e-05
13  18  18 -6.78917e-05
13  18  20 -5.30449e-05
13  18  23 -2.13372e-04
13  18  24  8.20975e-05
13  18  26  7.60720e-05
13  19   9 -1.67414e-04
13  19  10 -1.45702e-04
13  19  16 -3.12796e-04
13  20   7  7.25440e-04
13  20  12 -4.53437e-04
13  20  14  1.82899e-04
13  21   8 -1.04144e-03
13  21  13 -9.40153e-04
13  21  17 -1.01605e-03
13  21  19  1.30855e-03
13  21  21 -1.36733e-03
13  21  22  1.02490e-03
13  21  25 -1.04210e-03
13  21  27 -9.56688e-04
13  22  11 -3.69999e-04
13  22  15 -4.25833e-04
13  22  18 -8.75713e-04
13  22  20  1.98010e-04
13  22  23  6.14186e-04
13  22  24 -1.48886e-04
13  23   7 -1.40348e-03
13  23  12  7.66904e-04
13  23  14 -2.31468e-04
13  24   8 -7.60869e-04
13  24  13 -5.35002e-04
13  24  17 -9.22430e-04
13  24  19 -8.93547e-05
13  24  21 -4.59160e-04
13  24  22  6.23112e-04
13  24  25 -6.34605e-04
13  24  27 -8.47004e-04
13  25  11  3.60307e-04
13  25  18  4.89878e-05
13  25  20  2.12230e-05
13  25  23 -2.58205e-05
13  25  24  2.42585e-05
13  25  26 -3.50522e-05
14  15   9  1.00783e-04
14  15  10  2.17445e-05
14  15  16  1.25587e-04
14  15  17 -7.34639e-04
14  15  27 -1.87019e-04
14  16   7  2.31921e-05
14  16   8  5.21292e-04
14  16  13 -9.68756e-04
14  16  19 -8.36876e-04
14  16  21  1.35804e-03
14  16  22 -7.65075e-04
14  16  25 -1.12123e-04
14  16  27 -3.94812e-04
14  17   7 -3.86370e-04
14  17   8  7.25789e-04
14  17  12  5.31341e-04
14  17  14  1.98570e-04
14  17  17 -8.77246e-04
14  17  19 -1.05510e-03
14  17  21  1.53754e-03
14  17  22 -5.40011e-04
14  17  25 -1.09046e-04
14  18   7  1.88363e-04
14  18  12 -2.28632e-04
14  18  14  1.70354e-04
14  19   8 -4.10203e-04
14  19  13  2.50400e-04
14  19  17  9.93867e-04
14  19  19  6.56539e-04
14  19  21 -1.13477e-03
14  19  22  4.10721e-04
14  19  25  1.91965e-04
14  19  27  7.08831e-04
14  20   8 -7.51233e-04
14  20  11  5.16385e-04
14  20  13  6.01036e-04
14  20  15  1.53469e-03
14  20  17  6.41939e-04
14  20  18 -3.33403e-04
14  20  19  9.68693e-04
14  20  20 -4.29968e-04
14  20  21 -1.43513e-03
14  20  22  7.29490e-04
14  20  23 -4.73887e-04
14  20  26  2.46739e-03
14  21  10  5.47757e-05
14  21  16 -2.57119e-04
14  22   7 -1.08766e-04
14  22  12 -5.08826e-04
14  22  14 -1.04755e-04
14  23  11 -9.42970e-04
14  23  15  1.38284e-04
14  23  18  4.92626e-04
14  23  20  7.16403e-04
14  23  23  8.13925e-04
14  23  24 -3.56760e-05
14  23  26 -1.27209e-04
14  24   7  1.29693e-05
14  24   9 -3.28612e-04
14  24  10 -1.26002e-04
14  24  16 -1.22423e-04
14  25   7  2.02265e-04
14  25  12 -1.37276e-04
14  25  14 -1.11831e-04
15  16   7  1.51333e-05
15  16   9  5.83752e-04
15  16  16 -1.84316e-03
15  16  21 -2.48979e-05
15  17   7  1.85254e-03
15  17  11  5.10797e-04
15  17  18 -3.02659e-04
15  17  23 -1.70126e-04
15  18   7  3.95315e-04
15  18   8  1.80620e-04
15  18  11  3.84908e-04
15  18  13 -3.79595e-04
15  18  15  5.85810e-05
15  18  18 -2.42409e-04
15  18  19 -1.58524e-04
15  18  20  7.63724e-05
15  18  21  5.63524e-05
15  18  22  9.23682e-05
15  18  23 -2.34348e-04
15  18  24 -1.45611e-05
15  18  26  9.39221e-05
15  19   9 -1.55703e-04
15  19  10 -4.13090e-04
15  19  16  3.84701e-04
15  19  27 -5.52449e-04
15  20   7 -1.85054e-05
15  20  12  6.76812e-04
15  20  14 -5.47256e-04
15  20  17 -1.35720e-03
15  21   7  2.33853e-04
15  21   8  4.97361e-05
15  21  13  1.00484e-05
15  21  19 -3.59783e-05
15  21  21 -9.90612e-05
15  21  22 -4.47460e-05
15  21  25  4.79486e-04
15  21  27  1.27347e-04
15  22   7  1.80225e-04
15  22   8  3.21132e-04
15  22  11  2.18866e-03
15  22  13 -5.96947e-04
15  22  15 -1.29904e-05
15  22  18 -3.29178e-03
15  22  19  8.11905e-04
15  22  20 -1.52594e-04
15  22  21 -5.69918e-04
15  22  22  2.11980e-03
15  22  23 -2.21324e-03
15  22  24  1.04788e-05
15  22  26  1.73249e-05
15  23   7 -1.77731e-05
15  23  12  5.18594e-04
15  23  14 -4.09423e-04
15  24   7 -6.17620e-04
15  24   8  9.50352e-04
15  24  13  2.93763e-04
15  24  17 -8.11362e-05
15  24  19 -8.97353e-04
15  24  21  7.25360e-04
15  24  22 -1.22481e-04
15  24  25  8.93795e-04
15  24  27 -1.67086e-04
15  25   7 -4.62865e-04
15  25   8  1.88368e-03
15  25  11  1.83383e-03
15  25  13 -1.88817e-03
15  25  15 -6.88947e-04
15  25  18 -6.95156e-04
15  25  19 -1.80476e-03
15  25  20 -9.82980e-04
15  25  21  1.78879e-03
15  25  22  1.75213e-04
15  25  23 -1.05839e-03
15  25  24  6.42852e-05
15  25  26 -9.20660e-04
16  17   7  2.41738e-05
16  17  12 -2.84700e-04
16  17  14 -3.81665e-04
16  18  12 -5.52129e-05
16  18  14  2.24521e-04
16  18  17  3.48272e-05
16  18  25 -4.82197e-05
16  18  27  8.23828e-05
16  19   7 -1.54899e-05
16  19   8  2.53264e-04
16  19  13  1.28798e-03
16  19  19  1.02913e-04
16  19  21  3.08039e-04
16  19  25 -1.64723e-04
16  19  27 -5.50271e-04
16  20   7  1.01910e-03
16  20  11 -7.84632e-04
16  20  13  1.31500e-03
16  20  15  3.02409e-04
16  20  18  8.03023e-04
16  20  20  4.82568e-04
16  20  22  6.01429e-05
16  20  23  7.07772e-04
16  20  24  4.21331e-05
16  20  26  4.37035e-04
16  21   7  1.15090e-05
16  21   8  5.62662e-05
16  21   9  2.17107e-04
16  21  10  6.07960e-05
16  21  16  2.15359e-04
16  21  19 -3.98795e-05
16  21  21 -6.97381e-05
16  21  22 -4.15185e-05
16  22  12 -1.50683e-03
16  22  14 -5.04824e-04
16  22  17  3.09808e-04
16  22  25 -2.65997e-04
16  22  27  9.33773e-04
16  23   7  1.10472e-03
16  23  11  1.22486e-03
16  23  15 -1.94292e-04
16  23  18 -5.19867e-04
16  23  20 -9.51994e-04
16  23  23 -1.08768e-03
16  23  24  7.30143e-05
16  23  26  1.26429e-04
16  24   7  4.10025e-04
16  24   8  1.56273e-04
16  24   9  8.59460e-04
16  24  10  6.01646e-04
16  24  16 -8.22066e-05
16  24  17 -9.14152e-04
16  24  19 -5.91893e-05
16  24  21 -2.00095e-05
16  24  22 -9.06935e-04
16  25   7 -1.67353e-05
16  25  12  9.35487e-05
16  25  14  6.00225e-04
16  25  17  3.60145e-05
16  25  21 -4.79867e-05
16  25  25 -5.02713e-05
16  25  27  1.39405e-04
17  18   8  3.22084e-04
17  18  13 -8.22861e-04
17  18  17  4.16488e-05
17  18  19 -1.40765e-04
17  18  21  3.78296e-05
17  18  22  1.83867e-04
17  18  25 -4.68080e-05
17  18  27  1.95534e-04
17  19   7 -5.15828e-04
17  19  12  2.84218e-04
17  19  14  4.74099e-04
17  19  17 -1.39561e-03
17  19  22  7.42681e-05
17  19  25 -1.59035e-04
17  20   8  2.62144e-04
17  20   9 -1.68907e-04
17  20  10 -1.66033e-04
17  20  16 -8.54839e-05
17  20  19  7.19873e-05
17  20  21  3.89948e-04
17  21  11  1.01287e-03
17  21  18 -8.78475e-04
17  21  20 -4.54155e-05
17  21  23 -5.23597e-04
17  21  27  1.31541e-04
17  22   8  2.99756e-04
17  22  13 -5.63769e-04
17  22  17  3.35896e-04
17  22  19  8.38394e-04
17  22  21 -6.02462e-04
17  22  22  2.12123e-03
17  22  25 -2.13784e-04
17  22  27  9.01939e-04
17  23   9  9.31531e-05
17  23  10 -5.37467e-04
17  23  16  4.89163e-04
17  24  11 -2.49377e-05
17  24  13  2.90587e-04
17  24  15 -2.91064e-05
17  24  18  1.70102e-03
17  24  20 -5.05696e-05
17  24  23  8.58495e-04
17  24  26  3.80192e-05
17  24  27 -9.38697e-04
17  25   7  1.94162e-05
17  25   8  6.99163e-04
17  25   9 -2.11905e-05
17  25  10 -2.07203e-05
17  25  13 -1.08230e-03
17  25  16  2.07751e-05
17  25  17  1.87704e-03
17  25  19 -1.27065e-05
17  25  21 -1.65583e-05
17  25  22  4.57452e-04
17  25  25 -2.10113e-05
17  25  27  1.14103e-04
18  19   7 -7.72835e-05
18  20   9  5.53760e-05
18  20  10  8.27873e-05
18  20  16  4.86740e-05
18  21  15 -1.13519e-05
18  21  18 -9.35443e-05
18  21  20  3.96016e-05
18  21  23  1.08030e-05
18  21  24 -6.69258e-05
18  21  26  4.70080e-05
18  22   8  3.47120e-04
18  22  13  2.78136e-04
18  22  19  2.96609e-04
18  22  21 -2.10598e-04
18  22  22  5.17041e-04
18  22  27  4.30912e-04
18  23   9 -6.36511e-05
18  23  16  7.22466e-05
18  24  11 -1.29346e-03
18  24  15  1.63367e-03
18  24  18  6.80058e-04
18  24  20  1.33324e-03
18  24  23  5.16951e-04
18  24  24  2.78334e-04
18  24  26  1.35349e-03
18  25   8 -2.92798e-04
18  25  13 -5.41752e-04
18  25  17  2.70098e-04
18  25  19 -2.70127e-04
18  25  21  5.69883e-04
18  25  22 -4.04641e-04
18  25  25  7.22328e-05
18  25  27 -2.77960e-04
19  20  11  5.81620e-04
19  20  15  1.84349e-04
19  20  18 -7.23490e-04
19  20  20 -5.78075e-04
19  20  23 -8.88837e-04
19  20  26  1.54373e-04
19  21   9 -1.45161e-04
19  21  10  2.21623e-05
19  21  16 -3.07116e-05
19  22   7  1.51915e-05
19  22  12  5.88338e-05
19  22  14 -3.19598e-05
19  23   8 -5.02746e-04
19  23  11 -4.10144e-04
19  23  13  2.02103e-03
19  23  15 -1.20977e-04
19  23  17 -1.96738e-03
19  23  18  5.48725e-04
19  23  19  1.99910e-03
19  23  20  2.95690e-04
19  23  21 -1.66962e-03
19  23  22  1.87282e-03
19  23  23  4.54334e-04
19  23  24  1.67475e-05
19  23  26 -1.67188e-05
19  24   9 -3.79335e-04
19  24  10  3.24886e-04
19  24  16  9.30854e-05
19  25   7  1.07442e-04
19  25  12  3.30415e-05
19  25  14 -8.27818e-05
20  21   7  1.65216e-05
20  21  12 -6.85323e-05
20  21  14  2.72097e-05
20  22   9 -4.65031e-04
20  22  10 -3.45835e-04
20  23   8 -4.76142e-04
20  23  13  1.99335e-03
20  23  17 -1.96825e-03
20  23  19  2.07395e-03
20  23  21 -1.73899e-03
20  23  22  1.96892e-03
20  23  25 -8.50400e-04
20  23  27 -8.43424e-04
20  24   7 -3.95618e-04
20  24  12  1.28070e-03
20  24  14 -1.02335e-03
20  25   9 -3.63849e-05
20  25  10 -7.68707e-05
20  25  16 -1.28512e-05
21  23   7 -3.88794e-05
21  23  12  1.51560e-04
21  23  14 -6.73050e-05
21  24   8 -8.37065e-04
21  24  13  9.66271e-05
21  24  17  8.26727e-04
21  24  19  8.68505e-04
21  24  21  2.96913e-04
21  24  22  7.55348e-04
21  24  25 -8.28499e-04
21  24  27  7.48637e-04
21  25  11  6.61426e-05
21  25  15 -7.29618e-04
21  25  18 -1.86258e-04
21  25  20 -9.69825e-04
21  25  23 -7.23088e-04
21  25  24 -6.31044e-05
21  25  26 -8.01224e-04
22  23   9  1.61130e-03
22  23  10  9.44746e-04
22  23  16 -6.57641e-05
22  24  11 -4.84658e-04
22  24  15  1.77705e-04
22  24  18 -3.67638e-05
22  24  20  2.22989e-04
22  24  23  9.23595e-05
22  24  26  1.97038e-04
22  25   7  1.51595e-04
22  25   8  3.45702e-04
22  25   9 -1.49529e-04
22  25  10 -1.51257e-04
22  25  13 -1.15668e-03
22  25  16  1.51941e-04
22  25  17  2.76405e-04
22  25  19 -5.04995e-04
22  25  21  5.23387e-04
22  25  22 -2.99627e-04
22  25  25 -1.65926e-04
22  25  27  1.45526e-04
23  24   7 -1.71392e-04
23  24  12  5.73445e-04
23  24  14 -4.28943e-04
23  25   9 -5.06186e-04
23  25  10 -2.76473e-04
23  25  16  2.48462e-05
24  25  11 -8.35003e-04
24  25  15  1.63912e-04
24  25  18  2.84922e-05
24  25  20  3.36930e-04
24  25  21 -1.22328e-05
24  25  23  1.62878e-04
24  25  26  1.70164e-04
Frequencies
21
7 0.0022488251  
8 0.0026352024  
9 0.0027158951  
10 0.0029177408  
11 0.0030695579  
12 0.0031570851  
13 0.0034137891  
14 0.0038610846  
15 0.0038943914  
16 0.0041335535  
17 0.0045156023  
18 0.0047195894  
19 0.0048278935  
20 0.0055421903  
21 0.0055996457  
22 0.0062221323  
23 0.0063822420  
24 0.0145927593  
25 0.0146541331  
26 0.0149291540  
27 0.0149379017
