0.00000000 31.97207100  
0.00000000 31.97207100 
-3.36404200  31.97207100 
-2.46052000 12.00000000  
0.00000000 12.00000000 
-1.07925700  12.00000000 
2.46052000 12.00000000  
0.00000000 12.00000000 
-1.07925700  12.00000000 
-1.35930500 12.00000000  
0.00000000 12.00000000  
1.36351100  12.00000000 
1.35930500 12.00000000  
0.00000000 12.00000000  
1.36351100  12.00000000 
-4.39995300 1.00782500  
0.00000000 1.00782500 
-1.67728500 1.00782500 
4.39995300 1.00782500  
0.00000000 1.00782500 
-1.67728500 1.00782500 
-2.46890500 1.00782500  
0.00000000 1.00782500  
3.07505200   1.00782500 
2.46890500  1.00782500 
0.00000000 1.00782500  
3.07505200   1.00782500 
