  0.0000000000  0.0000000000  0.0000000000  0.0000000000  0.0000000000  0.0000000000  0.0000000000  0.0000000000  0.0000000000  0.0000000000  0.5601329238  0.0000000000  0.0000000000  0.0000000000 -0.1907615494  0.0000000000  0.0000000000 -0.0490382664  0.0000000000  0.0000000000  0.0000000000  0.0000000000  0.0369017036  0.0000000000  0.0000000000  0.0000000000  0.0000000000
  0.0000000000  0.0000000000  0.0000000000  0.0000000000  0.0000000000  0.0000000000  0.4074101958  0.0000000000  0.0000000000  0.0000000000  0.0000000000 -0.0534426295  0.0000000000  0.0000000000  0.0000000000  0.0000000000  0.0000000000  0.0000000000  0.0000000000  0.0000000000  0.0000000000  0.0000000000  0.0000000000  0.0000000000  0.0000000000  0.0000000000  0.0000000000
  0.0000000000  0.0000000000  0.0000000000  0.0000000000  0.0000000000  0.0000000000  0.0000000000  0.7679601522  0.0000000000  0.0000000000  0.0000000000  0.0000000000  0.1232034494  0.0000000000  0.0000000000  0.0000000000 -0.0783452030  0.0000000000 -0.0498087326  0.0000000000 -0.0352417967 -0.0375446795  0.0000000000  0.0000000000  0.0000000000  0.0000000000  0.0000000000
  0.0000000000  0.0000000000  0.0000000000  0.0000000000  0.0000000000  0.0000000000  0.0000000000 -0.1120197591  0.0000000000  0.0000000000 -0.2696255157  0.0000000000  0.6038347363  0.0000000000  0.4340816106  0.0000000000 -0.1919895718 -0.2102995714 -0.0305148142  0.0817917120  0.1295431731 -0.1610095662 -0.1130372697  0.0000000000  0.0330978510  0.1982664450 -0.1977051857
  0.0000000000  0.0000000000  0.0000000000  0.0000000000  0.0000000000  0.0000000000 -0.5324708671  0.0000000000  0.4219987016  0.1216069682  0.0000000000  0.1964465052  0.0000000000  0.2122912346  0.0000000000 -0.1170901988  0.0000000000  0.0000000000  0.0000000000  0.0000000000  0.0000000000  0.0000000000  0.0000000000  0.0000000000  0.0000000000  0.0000000000  0.0000000000
  0.0000000000  0.0000000000  0.0000000000  0.0000000000  0.0000000000  0.0000000000  0.0000000000 -0.2688474218  0.0000000000  0.0000000000  0.3431597473  0.0000000000 -0.1962462893  0.0000000000  0.0834772328  0.0000000000 -0.1679908753 -0.2102995714 -0.0610296284 -0.3816946562  0.4318105770  0.1380081996 -0.2486819932  0.0000000000  0.0000000000  0.0660888150 -0.0659017286
  0.0000000000  0.0000000000  0.0000000000  0.0000000000  0.0000000000  0.0000000000  0.0000000000  0.1120197591  0.0000000000  0.0000000000 -0.2696255157  0.0000000000 -0.6038347363  0.0000000000  0.4340816106  0.0000000000  0.1919895718 -0.2102995714  0.0305148142  0.0817917120 -0.1295431731  0.1610095662 -0.1130372697  0.0000000000 -0.0330978510  0.1982664450  0.1977051857
  0.0000000000  0.0000000000  0.0000000000  0.0000000000  0.0000000000  0.0000000000 -0.5324708671  0.0000000000 -0.4219987016 -0.1216069682  0.0000000000  0.1964465052  0.0000000000  0.2122912346  0.0000000000  0.1170901988  0.0000000000  0.0000000000  0.0000000000  0.0000000000  0.0000000000  0.0000000000  0.0000000000  0.0000000000  0.0000000000  0.0000000000  0.0000000000
  0.0000000000  0.0000000000  0.0000000000  0.0000000000  0.0000000000  0.0000000000  0.0000000000 -0.2688474218  0.0000000000  0.0000000000 -0.3431597473  0.0000000000 -0.1962462893  0.0000000000 -0.0834772328  0.0000000000 -0.1679908753  0.2102995714 -0.0610296284  0.3816946562  0.4318105770  0.1380081996  0.2486819932  0.0000000000  0.0000000000 -0.0660888150 -0.0659017286
  0.0000000000  0.0000000000  0.0000000000  0.0000000000  0.0000000000  0.0000000000  0.0000000000  0.0000000000  0.0000000000  0.0000000000 -0.1838355789  0.0000000000  0.1056710789  0.0000000000 -0.3005180381  0.0000000000 -0.3119830542  0.1502139795  0.3051481421 -0.1363195201 -0.1943147596  0.5060300652  0.2260745393  0.0998904477 -0.1323914038  0.0000000000  0.0000000000
  0.0000000000  0.0000000000  0.0000000000  0.0000000000  0.0000000000  0.0000000000  0.2163162898  0.0000000000 -0.3775777856  0.3344191626  0.0000000000  0.0982232526  0.0000000000 -0.2729458731  0.0000000000  0.3805431461  0.0000000000  0.0000000000  0.0000000000  0.0000000000  0.0000000000  0.0000000000  0.0000000000  0.0000000000  0.0000000000  0.0000000000  0.0000000000
  0.0000000000  0.0000000000  0.0000000000  0.0000000000  0.0000000000  0.0000000000  0.0000000000 -0.3024533495  0.0000000000  0.0000000000  0.2941369262  0.0000000000  0.1358628157  0.0000000000  0.3339089312  0.0000000000  0.3359817506  0.1502139795  0.1220592569  0.1635834241 -0.3022674039  0.0230013666  0.4295416247 -0.1664840794  0.1654892548 -0.0330444075  0.0329508643
  0.0000000000  0.0000000000  0.0000000000  0.0000000000  0.0000000000  0.0000000000  0.0000000000  0.0000000000  0.0000000000  0.0000000000 -0.1838355789  0.0000000000 -0.1056710789  0.0000000000 -0.3005180381  0.0000000000  0.3119830542  0.1502139795 -0.3051481421 -0.1363195201  0.1943147596 -0.5060300652  0.2260745393  0.0998904477  0.1323914038  0.0000000000  0.0000000000
  0.0000000000  0.0000000000  0.0000000000  0.0000000000  0.0000000000  0.0000000000  0.2163162898  0.0000000000  0.3775777856 -0.3344191626  0.0000000000  0.0982232526  0.0000000000 -0.2729458731  0.0000000000 -0.3805431461  0.0000000000  0.0000000000  0.0000000000  0.0000000000  0.0000000000  0.0000000000  0.0000000000  0.0000000000  0.0000000000  0.0000000000  0.0000000000
  0.0000000000  0.0000000000  0.0000000000  0.0000000000  0.0000000000  0.0000000000  0.0000000000 -0.3024533495  0.0000000000  0.0000000000 -0.2941369262  0.0000000000  0.1358628157  0.0000000000 -0.3339089312  0.0000000000  0.3359817506 -0.1502139795  0.1220592569 -0.1635834241 -0.3022674039  0.0230013666 -0.4295416247  0.1664840794  0.1654892548  0.0330444075  0.0329508643
  0.0000000000  0.0000000000  0.0000000000  0.0000000000  0.0000000000  0.0000000000  0.0000000000 -0.0064927184  0.0000000000  0.0000000000 -0.0603794524  0.0000000000  0.1924920149  0.0000000000  0.1886968227  0.0000000000  0.0486841547  0.0696517889  0.0530595938 -0.1343194504  0.1939665828  0.0333292534 -0.0786203262  0.0578969780 -0.0767346866 -0.6416153014  0.6397989952
  0.0000000000  0.0000000000  0.0000000000  0.0000000000  0.0000000000  0.0000000000 -0.2507558983  0.0000000000 -0.1737893738 -0.6079242970  0.0000000000 -0.5598181942  0.0000000000 -0.3339793076  0.0000000000  0.1357320709  0.0000000000  0.0000000000  0.0000000000  0.0000000000  0.0000000000  0.0000000000  0.0000000000  0.0000000000  0.0000000000  0.0000000000  0.0000000000
  0.0000000000  0.0000000000  0.0000000000  0.0000000000  0.0000000000  0.0000000000  0.0000000000 -0.1525788836  0.0000000000  0.0000000000  0.0426207899  0.0000000000 -0.0962460074  0.0000000000 -0.1790200625  0.0000000000 -0.4312025129 -0.4875625222 -0.2299249066  0.3792549187 -0.3503912463 -0.2333047736  0.0393101631  0.0192989927 -0.0191836716 -0.2011033034  0.2005340134
  0.0000000000  0.0000000000  0.0000000000  0.0000000000  0.0000000000  0.0000000000  0.0000000000  0.0064927184  0.0000000000  0.0000000000 -0.0603794524  0.0000000000 -0.1924920149  0.0000000000  0.1886968227  0.0000000000 -0.0486841547  0.0696517889 -0.0530595938 -0.1343194504 -0.1939665828 -0.0333292534 -0.0786203262  0.0578969780  0.0767346866 -0.6416153014 -0.6397989952
  0.0000000000  0.0000000000  0.0000000000  0.0000000000  0.0000000000  0.0000000000 -0.2507558983  0.0000000000  0.1737893738  0.6079242970  0.0000000000 -0.5598181942  0.0000000000 -0.3339793076  0.0000000000 -0.1357320709  0.0000000000  0.0000000000  0.0000000000  0.0000000000  0.0000000000  0.0000000000  0.0000000000  0.0000000000  0.0000000000  0.0000000000  0.0000000000
  0.0000000000  0.0000000000  0.0000000000  0.0000000000  0.0000000000  0.0000000000  0.0000000000 -0.1525788836  0.0000000000  0.0000000000 -0.0426207899  0.0000000000 -0.0962460074  0.0000000000  0.1790200625  0.0000000000 -0.4312025129  0.4875625222 -0.2299249066 -0.3792549187 -0.3503912463 -0.2333047736 -0.0393101631 -0.0192989927 -0.0191836716  0.2011033034  0.2005340134
  0.0000000000  0.0000000000  0.0000000000  0.0000000000  0.0000000000  0.0000000000  0.0000000000  0.0357099515  0.0000000000  0.0000000000  0.0497242549  0.0000000000 -0.1049956445  0.0000000000 -0.0870908412  0.0000000000 -0.1738719810  0.2873136292  0.4952228757  0.2765400449  0.0813408250 -0.2666340270 -0.3931016308 -0.3666808605  0.3644897612 -0.0287290433  0.0381969549
  0.0000000000  0.0000000000  0.0000000000  0.0000000000  0.0000000000  0.0000000000  0.1543113220  0.0000000000 -0.3861986085  0.0616734794  0.0000000000 -0.3700493148  0.0000000000  0.5185468197  0.0000000000 -0.5683780469  0.0000000000  0.0000000000  0.0000000000  0.0000000000  0.0000000000  0.0000000000  0.0000000000  0.0000000000  0.0000000000  0.0000000000  0.0000000000
  0.0000000000  0.0000000000  0.0000000000  0.0000000000  0.0000000000  0.0000000000  0.0000000000 -0.0649271845  0.0000000000  0.0000000000  0.1562762297  0.0000000000 -0.0481230037  0.0000000000  0.0967676014  0.0000000000  0.0556390339  0.2002488931  0.2918277660  0.2528366125  0.0000000000 -0.2666340270 -0.1637923462  0.5693202834 -0.5659183134  0.0478817389 -0.0668446711
  0.0000000000  0.0000000000  0.0000000000  0.0000000000  0.0000000000  0.0000000000  0.0000000000 -0.0357099515  0.0000000000  0.0000000000  0.0497242549  0.0000000000  0.1049956445  0.0000000000 -0.0870908412  0.0000000000  0.1738719810  0.2873136292 -0.4952228757  0.2765400449 -0.0813408250  0.2666340270 -0.3931016308 -0.3666808605 -0.3644897612 -0.0287290433 -0.0381969549
  0.0000000000  0.0000000000  0.0000000000  0.0000000000  0.0000000000  0.0000000000  0.1543113220  0.0000000000  0.3861986085 -0.0616734794  0.0000000000 -0.3700493148  0.0000000000  0.5185468197  0.0000000000  0.5683780469  0.0000000000  0.0000000000  0.0000000000  0.0000000000  0.0000000000  0.0000000000  0.0000000000  0.0000000000  0.0000000000  0.0000000000  0.0000000000
  0.0000000000  0.0000000000  0.0000000000  0.0000000000  0.0000000000  0.0000000000  0.0000000000 -0.0649271845  0.0000000000  0.0000000000 -0.1562762297  0.0000000000 -0.0481230037  0.0000000000 -0.0967676014  0.0000000000  0.0556390339 -0.2002488931  0.2918277660 -0.2528366125  0.0000000000 -0.2666340270  0.1637923462 -0.5693202834 -0.5563264776 -0.0478817389 -0.0668446711
