  0.0000000000  0.0000000000  0.0000000000  0.0000000000  0.0000000000  0.0000000000  0.0000003528 -0.0002051920  0.7361326502 -0.0000152437 -0.0000943632  0.0000005259  0.2511387893 -0.0000795391 -0.0000009313 -0.0181737784 -0.0000067609  0.0895577035 -0.0000313117  0.0000108134 -0.0766011646 -0.0091325342 -0.0000183728 -0.0000026236  0.0004128091  0.0000207589  0.0038977073
  0.0000000000  0.0000000000  0.0000000000  0.0000000000  0.0000000000  0.0000000000 -0.0000042527  0.0000000187 -0.0001249625 -0.0000014232 -0.4910340979  0.0000032716 -0.0001394371 -0.3193745812  0.0000071488 -0.0000251049 -0.0000000509 -0.0000473063 -0.0779195535  0.0399952646  0.0000187494  0.0000109865 -0.0206491076 -0.0014121177 -0.0000042809 -0.0026387596  0.0000127885
  0.0000000000  0.0000000000  0.0000000000  0.0000000000  0.0000000000  0.0000000000  0.4083271326 -0.0000009618  0.0000001617  0.0000133059 -0.0000068938  0.0304948741 -0.0000000554 -0.0000027384  0.0329925433  0.0000002200  0.0000018467 -0.0000000543 -0.0000006237  0.0000014798 -0.0000000956  0.0000000565 -0.0000003048 -0.0000003093  0.0000000187 -0.0000000990  0.0000000452
  0.0000000000  0.0000000000  0.0000000000  0.0000000000  0.0000000000  0.0000000000  0.0000013558  0.0000639837 -0.2234821731  0.0000106854 -0.3111691668  0.0000014830 -0.1913963015  0.0247920934 -0.0000011508 -0.0822194209 -0.0000110470  0.0768167952 -0.1625999942  0.3071445108  0.4160157894 -0.2849257350 -0.3995140023 -0.0048574932 -0.0072484567  0.0634324474  0.0597376664
  0.0000000000  0.0000000000  0.0000000000  0.0000000000  0.0000000000  0.0000000000  0.0000071963  0.0000517391 -0.2175651141 -0.0000269130  0.1611698312  0.0000014442  0.5765379572  0.4870266648 -0.0000128605 -0.1812067058 -0.0000319709  0.0524781008 -0.1653038498 -0.1390523630 -0.0634046844 -0.2006560679 -0.0919364057 -0.0350529439 -0.0546378517  0.1943325849  0.1925811327
  0.0000000000  0.0000000000  0.0000000000  0.0000000000  0.0000000000  0.0000000000 -0.5485237249  0.3604688504  0.0000973884  0.2406295104  0.0000000717 -0.1221078423  0.0000247247  0.0000102454  0.2026547707  0.0000246502 -0.1427479996 -0.0000029902 -0.0000030668 -0.0000004670  0.0000012027 -0.0000018093 -0.0000023216  0.0000001659  0.0000002151  0.0000012564  0.0000015627
  0.0000000000  0.0000000000  0.0000000000  0.0000000000  0.0000000000  0.0000000000 -0.0000009277  0.0000643765 -0.2234236270  0.0000126003  0.3112466244 -0.0000020216 -0.1915409811 -0.0245766034  0.0000036304 -0.0820095542 -0.0000105568  0.0768850650  0.1625994132 -0.3070004704  0.4159663733 -0.2848874023  0.3996905621  0.0048541264 -0.0071319565 -0.0627153282  0.0603615761
  0.0000000000  0.0000000000  0.0000000000  0.0000000000  0.0000000000  0.0000000000  0.0000070020 -0.0000518223  0.2176437617  0.0000280873  0.1612428378 -0.0000042186 -0.5763833963  0.4870544202 -0.0000115001  0.1811941464  0.0000312531 -0.0525133567 -0.1654832321 -0.1389946226  0.0633137853  0.2006759646 -0.0921081770 -0.0353098050  0.0542319868  0.1922762672 -0.1947507411
  0.0000000000  0.0000000000  0.0000000000  0.0000000000  0.0000000000  0.0000000000 -0.5485209120 -0.3604282411 -0.0000969179 -0.2406745881  0.0000017934 -0.1223486295 -0.0000225510  0.0000103085  0.2025877084 -0.0000240294  0.1427690295  0.0000027481 -0.0000034530 -0.0000006762 -0.0000008594  0.0000015343 -0.0000019001  0.0000001846 -0.0000002345  0.0000011726 -0.0000015394
  0.0000000000  0.0000000000  0.0000000000  0.0000000000  0.0000000000  0.0000000000  0.0000007299  0.0000868332 -0.3222096227 -0.0000053558 -0.3940707944  0.0000048490  0.0581755645  0.2393939807  0.0000004386  0.1993837792  0.0000336794 -0.1969473567  0.0614672951 -0.0005757642 -0.1831105068  0.3284195109  0.4619798688 -0.1674852670 -0.1632839862 -0.0478218137 -0.0606226128
  0.0000000000  0.0000000000  0.0000000000  0.0000000000  0.0000000000  0.0000000000 -0.0000034177  0.0000094802  0.0067945707 -0.0000015297  0.2443860896  0.0000008078  0.0517670970 -0.2514368884  0.0000079262 -0.4502217355 -0.0000709850 -0.0268928656  0.1123405535  0.1895130295  0.2568512186  0.4618400150  0.2072093905  0.1041647981  0.1160900188  0.0148412973  0.0347019199
  0.0000000000  0.0000000000  0.0000000000  0.0000000000  0.0000000000  0.0000000000  0.2330605956 -0.5067072909 -0.0001404659  0.2351263700  0.0000021318 -0.1777945374  0.0000096493 -0.0000084701 -0.2234626910 -0.0000576104  0.3002181997  0.0000150456  0.0000017906  0.0000008691  0.0000009575  0.0000091501  0.0000039092 -0.0000024076 -0.0000031988 -0.0000006388 -0.0000010101
  0.0000000000  0.0000000000  0.0000000000  0.0000000000  0.0000000000  0.0000000000 -0.0000014996  0.0000864456 -0.3222622788 -0.0000031121  0.3941490068 -0.0000044957  0.0582267334 -0.2394991508 -0.0000023906  0.1994569133  0.0000337074 -0.1969146511 -0.0615127078  0.0004929406 -0.1830423122  0.3281377831 -0.4620297913  0.1687359792 -0.1621947722  0.0470415095 -0.0610496790
  0.0000000000  0.0000000000  0.0000000000  0.0000000000  0.0000000000  0.0000000000 -0.0000035476 -0.0000094553 -0.0066976122  0.0000026843  0.2442476034 -0.0000009332 -0.0517303585 -0.2514205507  0.0000055620  0.4501562557  0.0000712659  0.0269727540  0.1120591569  0.1896306849 -0.2569110222 -0.4618572863  0.2073715320  0.1049303787 -0.1152746160  0.0143420458 -0.0347615281
  0.0000000000  0.0000000000  0.0000000000  0.0000000000  0.0000000000  0.0000000000  0.2330869006  0.5067582579  0.0001393314 -0.2349711540  0.0000037101 -0.1777001298 -0.0000093680 -0.0000086308 -0.2234197347  0.0000560606 -0.3002772467 -0.0000145724  0.0000026026  0.0000008352 -0.0000008650 -0.0000089564  0.0000035057 -0.0000024633  0.0000031593 -0.0000006246  0.0000008982
  0.0000000000  0.0000000000  0.0000000000  0.0000000000  0.0000000000  0.0000000000  0.0000006132  0.0000406903 -0.1383078433  0.0000057209 -0.0174897080  0.0000007690 -0.1555309540 -0.1912777705  0.0000061806 -0.2604613673 -0.0000668366  0.4630313886 -0.5164840654 -0.3553614808 -0.3609502714 -0.0063476919  0.0680745301  0.0338898171  0.0510839496 -0.1764656433 -0.1708393643
  0.0000000000  0.0000000000  0.0000000000  0.0000000000  0.0000000000  0.0000000000  0.0000023020  0.0000090828 -0.0420887035 -0.0000047939  0.0296429427 -0.0000023991  0.2025928869  0.1991960798 -0.0000025398  0.0039511698  0.0000050700 -0.1020863277  0.0754091155  0.0815858093  0.1197680326 -0.0928004668 -0.0972999994  0.1315361535  0.1951297987 -0.6419540059 -0.6177272959
  0.0000000000  0.0000000000  0.0000000000  0.0000000000  0.0000000000  0.0000000000 -0.2036585999  0.0652283965  0.0000149264 -0.5842615615  0.0000033728  0.4818051735 -0.0000274482 -0.0000057649 -0.4623365216 -0.0000497406  0.2679988917  0.0000061216 -0.0000003443 -0.0000000105 -0.0000015688 -0.0000023548  0.0000016846  0.0000007929  0.0000000706 -0.0000035814 -0.0000040116
  0.0000000000  0.0000000000  0.0000000000  0.0000000000  0.0000000000  0.0000000000 -0.0000004773  0.0000407323 -0.1382793868  0.0000051970  0.0174860238 -0.0000013485 -0.1556234986  0.1913896145 -0.0000022405 -0.2601233343 -0.0000650194  0.4631901097  0.5165310241  0.3553317180 -0.3610971104 -0.0062101437 -0.0682068582 -0.0340813512  0.0506236019  0.1743676715 -0.1725419095
  0.0000000000  0.0000000000  0.0000000000  0.0000000000  0.0000000000  0.0000000000  0.0000021307 -0.0000091117  0.0421439709  0.0000050496  0.0296909133 -0.0000042931 -0.2025148688  0.1991303031 -0.0000017246 -0.0037785160 -0.0000048740  0.1019192148  0.0751635111  0.0813900897 -0.1196292038  0.0928161336 -0.0973250230  0.1325048250 -0.1936920045 -0.6353567989  0.6249001424
  0.0000000000  0.0000000000  0.0000000000  0.0000000000  0.0000000000  0.0000000000 -0.2037560134 -0.0653487906 -0.0000146191  0.5840712961  0.0000001510  0.4821018834  0.0000209907 -0.0000060064 -0.4622140964  0.0000477597 -0.2679953066 -0.0000048777  0.0000011819  0.0000002952  0.0000014809  0.0000018937  0.0000016269  0.0000007384 -0.0000000686 -0.0000033665  0.0000037771
  0.0000000000  0.0000000000  0.0000000000  0.0000000000  0.0000000000  0.0000000000 -0.0000014205  0.0000174875 -0.0523646926  0.0000115588 -0.1956540422 -0.0000071992 -0.0917891059  0.0403611026 -0.0000076482 -0.0930492150  0.0000064396 -0.3014074198  0.2169325035 -0.2845665284 -0.2270882637 -0.1171111778 -0.0500043066  0.5511287738  0.5360560968  0.1127157905  0.1629795647
  0.0000000000  0.0000000000  0.0000000000  0.0000000000  0.0000000000  0.0000000000 -0.0000025785 -0.0000132842  0.0651722624  0.0000129631 -0.0460092481 -0.0000014732 -0.1406408992 -0.1127892946  0.0000016535 -0.3759030966 -0.0000482207 -0.3633591348  0.3277640905 -0.3684882693 -0.1556359928 -0.1874013838 -0.2420928521 -0.3661715829 -0.3638115330 -0.0719308234 -0.1081276695
  0.0000000000  0.0000000000  0.0000000000  0.0000000000  0.0000000000  0.0000000000  0.1412078584 -0.3302998264 -0.0000900541 -0.2136466752  0.0000049043  0.4697391369 -0.0000153414  0.0000077168  0.4413459078  0.0000851665 -0.5635438748 -0.0000296663  0.0000059383 -0.0000054592  0.0000061343 -0.0000024777 -0.0000062788  0.0000078188  0.0000101820  0.0000017436  0.0000031130
  0.0000000000  0.0000000000  0.0000000000  0.0000000000  0.0000000000  0.0000000000  0.0000011736  0.0000173300 -0.0524272052  0.0000126590  0.1956624955  0.0000062779 -0.0916741044 -0.0403959463  0.0000076833 -0.0930285987  0.0000056019 -0.3013023723 -0.2166458189  0.2843210469 -0.2270820286 -0.1169110068  0.0497992633 -0.5552255964  0.5323966821 -0.1105179535  0.1638783210
  0.0000000000  0.0000000000  0.0000000000  0.0000000000  0.0000000000  0.0000000000 -0.0000027347  0.0000134146 -0.0651425315 -0.0000132378 -0.0461525711 -0.0000006736  0.1406783083 -0.1128303771 -0.0000003687  0.3761513212  0.0000498136  0.3636336013  0.3275375154 -0.3685912574  0.1559066092  0.1873198187 -0.2421211479 -0.3685405316  0.3609851683 -0.0703879847  0.1085750231
  0.0000000000  0.0000000000  0.0000000000  0.0000000000  0.0000000000  0.0000000000  0.1411898403  0.3301124250  0.0000910969  0.2133812176  0.0000039012  0.4698749797  0.0000134996  0.0000078422  0.4413225760 -0.0000811316  0.5636629974  0.0000278851  0.0000039098 -0.0000049920 -0.0000070375  0.0000029056 -0.0000061770  0.0000080055 -0.0000100865  0.0000017511 -0.0000028112
