energy
7
0 0
1 4.760000
2 6.550000
3 9.542000
4 9.542000
5 8.110000
6 8.110000
kappa
24
1 27 0.173000
2 27 0.244000
3 27 0.388000
4 27 0.388000
5 27 0.093000
6 27 0.093000
1 28 0.125000
2 28 0.015000
3 28 0.106000
4 28 0.106000
5 28 0.094000
6 28 0.094000
3 10 0.029000
4 10 -0.029000
5 10 0.024000
6 10 -0.024000
3 21 0.128000
4 21 -0.128000
3 30 0.056000
4 30 -0.056000
5 30 0.043000
6 30 -0.043000
5 7 0.122000
6 7 -0.122000
epsilon
55
0 31 0.006000
1 31 0.008000
2 31 0.009000
3 31 0.012000
4 31 0.012000
5 31 0.014000
6 31 0.014000
0 32 0.011000
1 32 0.014000
2 32 0.013000
3 32 0.026000
4 32 0.026000
5 32 0.030000
6 32 0.030000
0 33 0.002000
1 33 0.003000
2 33 0.002000
3 33 0.006000
4 33 0.001000
5 33 0.003000
6 33 0.003000
0 34 0.002000
1 34 0.003000
2 34 0.005000
3 34 0.010000
4 34 0.010000
5 34 0.003000
6 34 0.003000
0 16 0.006000
1 16 0.015000
2 16 0.003000
3 16 0.013000
4 16 0.013000
5 16 0.018000
6 16 0.018000
0 17 0.003000
1 17 0.005000
3 17 0.011000
4 17 0.011000
5 17 0.011000
6 17 0.011000
0 36 0.039000
1 36 0.043000
2 36 0.039000
3 36 0.020000
4 36 0.020000
5 36 0.051000
6 36 0.051000
0 8 0.048000
1 8 0.049000
2 8 0.049000
3 8 0.047000
4 8 0.047000
5 8 0.051000
6 8 0.051000
lambda
43
1 0 25 0.220000
1 0 9 0.352000
2 0 18 0.140000
2 1 12 0.020000
2 0 19 0.078000
3 0 24 0.210000
3 1 10 0.111000
3 2 10 -0.033000
3 0 15 0.350000
3 1 21 0.129000
3 2 21 -0.072000
3 0 8 0.060000
3 1 7 0.124000
3 2 30 -0.241000
3 2 7 -0.086000
4 0 14 -0.210000
4 1 20 -0.111000
4 2 20 0.033000
4 3 20 0.030000
4 4 20 0.030000
4 0 35 -0.350000
4 1 29 -0.129000
4 2 29 0.072000
4 3 29 0.128000
4 4 29 0.128000
4 0 36 -0.060000
4 1 23 -0.124000
4 2 11 0.241000
4 3 11 0.056000
4 4 11 0.056000
4 2 23 0.086000
5 0 7 0.047000
5 1 14 0.180000
5 1 35 0.120000
6 0 23 -0.047000
6 1 24 -0.180000
6 5 20 0.025000
6 6 20 0.025000
6 1 15 -0.120000
6 5 11 0.043000
6 6 11 0.043000
6 5 23 0.122000
6 6 23 0.122000
gamma
142
1 27 27 -0.116000
2 27 27 -0.006000
3 27 27 0.025000
4 27 27 0.025000
5 27 27 -0.015000
6 27 27 -0.015000
1 28 28 0.028000
2 28 28 0.012000
3 28 28 0.024000
4 28 28 0.024000
5 28 28 -0.031000
6 28 28 -0.031000
1 13 13 -0.048000
2 13 13 -0.033000
3 13 13 -0.062000
4 13 13 -0.062000
5 13 13 -0.093000
6 13 13 -0.093000
1 22 22 -0.073000
2 22 22 -0.041000
3 22 22 -0.048000
4 22 22 -0.048000
5 22 22 -0.048000
6 22 22 -0.048000
1 10 10 -0.018000
2 10 10 -0.017000
5 10 10 -0.034000
6 10 10 -0.034000
1 20 20 -0.015000
5 20 20 -0.015000
6 20 20 -0.015000
3 21 21 0.012000
4 21 21 0.012000
5 21 21 0.012000
6 21 21 0.012000
1 30 30 0.010000
3 30 30 -0.039000
2 7 7 -0.025000
4 7 7 -0.025000
5 7 7 -0.048000
2 23 23 -0.021000
3 23 23 -0.010000
4 23 23 -0.010000
1 31 31 -0.051000
2 31 31 -0.040000
3 31 31 -0.074000
4 31 31 -0.074000
5 31 31 -0.113000
6 31 31 -0.113000
1 32 32 -0.056000
2 32 32 -0.040000
3 32 32 -0.114000
4 32 32 -0.114000
5 32 32 -0.157000
6 32 32 -0.157000
1 26 26 -0.033000
2 26 26 -0.024000
3 26 26 -0.030000
4 26 26 -0.030000
5 26 26 -0.072000
6 26 26 -0.072000
5 19 19 -0.055000
6 19 19 -0.055000
1 33 33 -0.039000
2 33 33 -0.019000
3 33 33 -0.091000
4 33 33 -0.021000
5 33 33 -0.026000
6 33 33 -0.026000
1 34 34 -0.045000
2 34 34 -0.063000
3 34 34 -0.109000
4 34 34 -0.023000
5 34 34 -0.033000
6 34 34 -0.033000
1 16 16 -0.079000
2 16 16 -0.021000
3 16 16 -0.090000
4 16 16 -0.090000
5 16 16 -0.118000
6 16 16 -0.118000
1 17 17 -0.046000
2 17 17 -0.011000
3 17 17 -0.095000
4 17 17 -0.095000
5 17 17 -0.094000
6 17 17 -0.094000
3 24 24 0.015000
4 24 24 0.015000
5 24 24 -0.016000
6 24 24 -0.016000
3 14 14 0.015000
4 14 14 0.015000
5 14 14 -0.016000
6 14 14 -0.016000
3 15 15 0.301000
4 15 15 0.301000
5 15 15 -0.040000
6 15 15 -0.040000
3 35 35 0.034000
4 35 35 0.034000
5 35 35 -0.037000
6 35 35 -0.037000
1 36 36 -0.030000
3 36 36 0.050000
4 36 36 0.050000
5 36 36 -0.040000
6 36 36 -0.040000
3 8 8 0.020000
4 8 8 0.020000
5 8 8 -0.020000
6 8 8 -0.020000
0 18 19 -0.021200
1 18 19 -0.020800
2 18 19 -0.021000
3 18 19 -0.018700
4 18 19 -0.018700
5 18 19 -0.023000
6 18 19 -0.023000
3 19 7 0.009000
4 19 7 0.001300
5 19 7 0.012000
6 19 7 0.011300
0 10 7 0.028500
1 10 7 0.024600
2 10 7 0.041500
3 10 7 0.042200
4 10 7 0.028300
5 10 7 0.015100
6 10 7 0.021900
0 27 28 0.027100
1 27 28 0.025600
2 27 28 0.022800
3 27 28 0.032000
4 27 28 0.019100
5 27 28 0.025400
6 27 28 0.025400
3 27 10 0.070000
5 27 10 0.012200
5 27 20 0.012200
3 27 33 0.070000
3 27 34 0.070000
morse_param
9
1 27 0.363000 -0.062000 -1.701000 -0.008000
2 27 3.638000 -0.024400 -1.835000 -0.008000
3 27 3.638000 -0.023600 -2.625900 -0.015000
1 30 3.638000 0.033000 0 0
2 30 3.638000 0.033000 0 0
3 30 3.638000 0.033000 0 0
1 7 6.982000 0.021000 -0.074000 0
2 7 21.680000 0.010800 -0.058000 0
3 7 290 0.003000 0.059900 0
mu_mix
9
1 0 27 13 0.006450
1 3 10 7 -0.006790
1 4 10 23 -0.007490
2 0 27 18 0.018000
2 3 10 7 -0.014800
2 3 27 7 -0.005250
2 3 27 10 0.011940
3 4 18 19 0.001000
3 4 26 33 0.004300
Frequency
30
27 0.053200
28 0.053200
12 0.080600
13 0.080600
22 0.087400
10 0.089100
20 0.107400
21 0.107400
29 0.122100
30 0.122100
11 0.126600
7 0.129000
23 0.134900
31 0.137100
32 0.137100
26 0.146200
18 0.155800
19 0.155800
25 0.164700
9 0.182300
33 0.199000
34 0.199000
16 0.214500
17 0.214500
24 0.412100
14 0.413400
15 0.413400
35 0.415800
36 0.415800
8 0.417300
