0.00165046 12.00000000   
0.00285868 12.00000000   
0.00000000 12.00000000 
2.64397377 12.00000000  
0.00286311 12.00000000   
0.00000000 12.00000000 
3.96511820 12.00000000  
2.29116301 12.00000000  
0.00000000 12.00000000 
2.64395374 12.00000000  
4.57948223 12.00000000  
0.00000000 12.00000000 
0.00165518 12.00000000  
4.57947781 12.00000000   
0.00000000 12.00000000 
1.31950163 12.00000000  
2.29115417 12.00000000  
0.00000000 12.00000000 
1.02081151 1.00782500 
-1.76810450 1.00782500  
-0.00000000 1.00782500 
1.02082236 1.00782500  
6.35043166 1.00782500  
0.00000000   1.00782500 
3.66644167 1.00782500  
-1.76809665 1.00782500 
-0.00000000  1.00782500 
3.36443160 1.00782500   
2.29116597 1.00782500  
0.00000000   1.00782500 
6.01004818 1.00782500  
2.29118166 1.00782500  
0.00000000  1.00782500 
3.66642535 1.00782500  
6.35043950 1.00782500  
0.00000000 1.00782500 
