  0.0000000000  0.0000000000  0.0000000000  0.0000000000  0.0000000000  0.0000000000  0.0000000218  0.0000000572  0.0414123547 -0.3133915589 -0.0000005992  0.0000002814  0.0000007281  0.0000013856 -0.0000019988 -0.0000045995 -0.0000172931  0.1945423851 -0.1959710394 -0.0895929257  0.2409157676 -0.2581480170  0.0701817491  0.1808211238 -0.2413011175  0.1615240645  0.3089391003  0.1025899823 -0.4235156510  0.0965366777 -0.0565716627 -0.0471189994 -0.0674563092  0.0181771161 -0.0841357111 -0.0616950704
  0.0000000000  0.0000000000  0.0000000000  0.0000000000  0.0000000000  0.0000000000  0.0000002874  0.0000001131 -0.3104461552 -0.3273916173 -0.0000012022  0.0000004502  0.0000013082  0.0000025702 -0.0000032684 -0.0000085298 -0.0000301481  0.3368354728 -0.3396882235  0.2422309535  0.1783281671  0.1491144371 -0.0391214079 -0.1049411402  0.1393391505 -0.0932457787 -0.0239640966 -0.2574995625  0.1228986948 -0.2857882194 -0.0979833597 -0.0945629642 -0.1059569177  0.0553547934 -0.1372675006 -0.1068670881
  0.0000000000  0.0000000000  0.0000000000  0.0000000000  0.0000000000  0.0000000000 -0.4272482120 -0.2478861846  0.0000002681  0.0000001970 -0.1135410729  0.3750182911  0.1322897041  0.2281911016  0.2586495062 -0.1487929120  0.1608591502  0.0000107947  0.0000001556 -0.0000003222  0.0000005605  0.0000002440 -0.0000000213 -0.0000000691  0.0000000835  0.0000000129 -0.0000000287  0.0000001273  0.0000001159 -0.0000000051 -0.0000000180 -0.0000000008 -0.0000000253  0.0000000124 -0.0000000560 -0.0000000279
  0.0000000000  0.0000000000  0.0000000000  0.0000000000  0.0000000000  0.0000000000 -0.0000001009 -0.0000001041 -0.0349397734 -0.3141805901 -0.0000010450 -0.0000005837 -0.0000007937 -0.0000014897  0.0000016203  0.0000048322  0.0000180534 -0.1945321944 -0.1959786603 -0.0980560118 -0.2376037817  0.2581470552 -0.1914789525 -0.0309081539  0.2413008323  0.1615198356 -0.1500127677  0.2889005172  0.4151779477  0.1277263950 -0.0565517523 -0.0794334134  0.0215187952  0.0470943228  0.0720690799  0.0616762941
  0.0000000000  0.0000000000  0.0000000000  0.0000000000  0.0000000000  0.0000000000  0.0000001320  0.0000000882 -0.3171304411  0.3209210180  0.0000000306  0.0000003813  0.0000015094  0.0000023467 -0.0000041392 -0.0000081505 -0.0000303142  0.3367945613  0.3397095311 -0.2357843374  0.1868006391  0.1491147385 -0.1108021991 -0.0163497353  0.1393379414  0.0932534535  0.1623013810  0.2013350950  0.1013367111  0.2941275240  0.0979520438  0.1405347107 -0.0206176482 -0.1008346840 -0.1083910530 -0.1068214728
  0.0000000000  0.0000000000  0.0000000000  0.0000000000  0.0000000000  0.0000000000  0.4282952414 -0.2460727265  0.0000003454  0.0000003680 -0.1135413069 -0.3750182131 -0.1315079378  0.2286424497 -0.2581713529 -0.1496210507 -0.1608592383 -0.0000209194 -0.0000001525  0.0000001272 -0.0000008404 -0.0000005836 -0.0000000615 -0.0000000235 -0.0000003983  0.0000000039 -0.0000003305  0.0000000835 -0.0000000227  0.0000000244  0.0000000073 -0.0000000253 -0.0000000126 -0.0000000469 -0.0000001493 -0.0000003138
  0.0000000000  0.0000000000  0.0000000000  0.0000000000  0.0000000000  0.0000000000 -0.0000000970 -0.0000005383 -0.5053182127 -0.0052124746 -0.0000008970 -0.0000001316 -0.0000025201 -0.0000020575  0.0000042723  0.0000101281  0.0000336056 -0.3889787993  0.3918389709  0.3209601909 -0.0056716802 -0.0000746190  0.0010159688  0.0007956905 -0.0000160527 -0.0000048673 -0.0818327070 -0.2016441388 -0.2252060104 -0.0084017939  0.1131112530  0.0558934374 -0.1540687515  0.1679809729 -0.0310639412  0.1233423014
  0.0000000000  0.0000000000  0.0000000000  0.0000000000  0.0000000000  0.0000000000  0.0000001677  0.0000003758 -0.0022634021  0.2193407019  0.0000013927 -0.0000000694  0.0000016337 -0.0000009166  0.0000007417 -0.0000013365  0.0000005635  0.0000777697  0.0000050742 -0.0041257168 -0.2318428454 -0.2981057394  0.1408848226 -0.1741147696 -0.2786430851  0.1865148236 -0.3282070414  0.1332809483  0.0179598001 -0.4840978881  0.0000013759 -0.0079476823 -0.0028865145  0.0023045679  0.0124504014  0.0000007500
  0.0000000000  0.0000000000  0.0000000000  0.0000000000  0.0000000000  0.0000000000 -0.0010532223  0.4939509664 -0.0000000329  0.0000001914 -0.1135399806  0.3750193567 -0.2637632196  0.0004709911 -0.0004704985  0.2983948222  0.1608569368  0.0000234857  0.0000001999  0.0000002191 -0.0000016666 -0.0000003673  0.0000000114  0.0000000502 -0.0000002436 -0.0000000136 -0.0000004571  0.0000001224 -0.0000001695  0.0000000413  0.0000000246 -0.0000000314  0.0000000394 -0.0000000485 -0.0000001467  0.0000003519
  0.0000000000  0.0000000000  0.0000000000  0.0000000000  0.0000000000  0.0000000000 -0.0000001100 -0.0000004530 -0.0414112128  0.3133920372  0.0000003408 -0.0000000849 -0.0000022726 -0.0000010561  0.0000018490  0.0000062216  0.0000175926 -0.1944111357 -0.1959858756 -0.0896027797  0.2408725378 -0.2582253930 -0.0701985255 -0.1808295248 -0.2413199279 -0.1615215415  0.3088705333  0.1026336812  0.4235762762 -0.0964896247 -0.0565526721  0.0471105216  0.0674532160  0.0182268699 -0.0841653345  0.0616750217
  0.0000000000  0.0000000000  0.0000000000  0.0000000000  0.0000000000  0.0000000000 -0.0000003097 -0.0000003872  0.3104467667  0.3273896612  0.0000007668 -0.0000001284 -0.0000032571 -0.0000014193  0.0000032632  0.0000096589  0.0000296959 -0.3368778950 -0.3397187680  0.2422653116  0.1783343519  0.1489828948  0.0391217954  0.1049134881  0.1393067323  0.0932456901 -0.0239700811 -0.2575514143 -0.1228756626  0.2857307189 -0.0979521053  0.0945359514  0.1059487742  0.0554400657 -0.1373110723  0.1068223690
  0.0000000000  0.0000000000  0.0000000000  0.0000000000  0.0000000000  0.0000000000 -0.4272523186 -0.2478773725  0.0000000808  0.0000003635 -0.1135435659 -0.3750189872 -0.1322571572 -0.2282093055  0.2586638544 -0.1487735260 -0.1608540830 -0.0000124986 -0.0000001496 -0.0000002915  0.0000002419  0.0000000938  0.0000000152  0.0000000482  0.0000000254  0.0000000004 -0.0000000979 -0.0000000076 -0.0000000154  0.0000000188 -0.0000000209 -0.0000000072 -0.0000000012 -0.0000000686 -0.0000000287  0.0000001078
  0.0000000000  0.0000000000  0.0000000000  0.0000000000  0.0000000000  0.0000000000  0.0000000460  0.0000004716  0.0349396069  0.3141814395  0.0000009306  0.0000000529  0.0000021604  0.0000009160 -0.0000022445 -0.0000060897 -0.0000168115  0.1944330013 -0.1959600300 -0.0980762782 -0.2375599959  0.2582238939  0.1914949166  0.0309180251  0.2413195146 -0.1615179954 -0.1499286683  0.2888887283 -0.4152363423 -0.1276827412 -0.0565654363  0.0794210307 -0.0215009064  0.0470940069  0.0720870055 -0.0616767540
  0.0000000000  0.0000000000  0.0000000000  0.0000000000  0.0000000000  0.0000000000 -0.0000004529 -0.0000003944  0.3171317146 -0.3209195780 -0.0000014603 -0.0000005178 -0.0000030365 -0.0000017095  0.0000023570  0.0000101076  0.0000295352 -0.3369068482  0.3396816456 -0.2357922877  0.1868064286  0.1489797726  0.1107793907  0.0163544305  0.1393086032 -0.0932521766  0.1623380484  0.2013870102 -0.1013117849 -0.2940680330  0.0979715176 -0.1405006813  0.0205901131 -0.1008315291 -0.1084140631  0.1068281534
  0.0000000000  0.0000000000  0.0000000000  0.0000000000  0.0000000000  0.0000000000  0.4282992943 -0.2460639125  0.0000003414  0.0000002012 -0.1135433090  0.3750190682  0.1314753410 -0.2286606770 -0.2581856704 -0.1496018161  0.1608540166  0.0000078482  0.0000000999  0.0000004188  0.0000008723  0.0000001103  0.0000000367  0.0000000571  0.0000000958  0.0000000028  0.0000001849 -0.0000001328  0.0000000307  0.0000000378  0.0000000382 -0.0000000165 -0.0000000349 -0.0000000234  0.0000000843 -0.0000001535
  0.0000000000  0.0000000000  0.0000000000  0.0000000000  0.0000000000  0.0000000000  0.0000002172  0.0000004935  0.5053175286  0.0052108121  0.0000011901  0.0000004421  0.0000026481  0.0000022641 -0.0000033068 -0.0000104504 -0.0000352846  0.3889542842  0.3918731133  0.3209467838 -0.0056712774  0.0000783913 -0.0010004417 -0.0008173695  0.0000169274  0.0000032204 -0.0818774364 -0.2016352867  0.2252048149  0.0083461127  0.1131220915 -0.0559527510  0.1540347065  0.1679137354 -0.0310571543 -0.1234385658
  0.0000000000  0.0000000000  0.0000000000  0.0000000000  0.0000000000  0.0000000000  0.0000001489  0.0000003041  0.0022619742 -0.2193400676  0.0000005806 -0.0000001413  0.0000016978 -0.0000008354  0.0000007820 -0.0000012983  0.0000005301  0.0000754664  0.0000058295 -0.0040745436 -0.2318445456 -0.2981028383 -0.1408822263  0.1741227684 -0.2786431125 -0.1865180667 -0.3282353745  0.1332058496 -0.0180454577  0.4840944705 -0.0000004124  0.0079484745  0.0028857218  0.0023023521  0.0124507108  0.0000020062
  0.0000000000  0.0000000000  0.0000000000  0.0000000000  0.0000000000  0.0000000000 -0.0010407826  0.4939510163 -0.0000000948  0.0000003906 -0.1135402580 -0.3750192629  0.2637632468 -0.0004317532 -0.0004858478  0.2983948648 -0.1608568294 -0.0000081077 -0.0000002651  0.0000001954  0.0000000067 -0.0000001136  0.0000000150  0.0000000353 -0.0000000365  0.0000000042  0.0000002034 -0.0000002202  0.0000000397  0.0000000518 -0.0000000270 -0.0000000442 -0.0000000248  0.0000000151  0.0000001188 -0.0000000803
  0.0000000000  0.0000000000  0.0000000000  0.0000000000  0.0000000000  0.0000000000  0.0000000277 -0.0000000221 -0.1044374824 -0.0248804624 -0.0000004224  0.0000001925 -0.0000000797  0.0000008497 -0.0000010975 -0.0000012072 -0.0000057276  0.0617291622 -0.0563930606 -0.2767375660  0.2252472074 -0.2414099061  0.1656690467  0.4299685586  0.2582838224 -0.3144433311 -0.2438202948 -0.2400708085  0.1391368472 -0.1162244932  0.1961530929  0.1759979376  0.2135969641 -0.0877955453  0.2612520197  0.1945982676
  0.0000000000  0.0000000000  0.0000000000  0.0000000000  0.0000000000  0.0000000000  0.0000001712  0.0000000086 -0.0224367665 -0.1324075149 -0.0000005348  0.0000002347  0.0000006610  0.0000009625 -0.0000008449 -0.0000030506 -0.0000100352  0.1068791015 -0.0981474068  0.2197404397 -0.0301568492  0.1393994003 -0.0947446566 -0.2485928812 -0.1491104061  0.1815477256  0.1970436434  0.0663462137 -0.1209880721 -0.0098087468  0.3397365640  0.3095697666  0.3659830122 -0.1618543077  0.4490286393  0.3370600566
  0.0000000000  0.0000000000  0.0000000000  0.0000000000  0.0000000000  0.0000000000 -0.2582084385 -0.1497997987 -0.0000006354 -0.0000009971  0.3921021957  0.1609206146 -0.2575147627 -0.4442464101 -0.4283283979  0.2464056684 -0.3751742372 -0.0000266356 -0.0000003949  0.0000002004 -0.0000017274 -0.0000003384 -0.0000000544  0.0000000116 -0.0000001302 -0.0000000215 -0.0000002470  0.0000000215 -0.0000000739 -0.0000001073 -0.0000000332  0.0000000761  0.0000000502 -0.0000000609 -0.0000000640  0.0000001796
  0.0000000000  0.0000000000  0.0000000000  0.0000000000  0.0000000000  0.0000000000  0.0000001214  0.0000002341 -0.1049275813  0.0227224181  0.0000002160  0.0000000401  0.0000011343  0.0000002102 -0.0000007859 -0.0000024866 -0.0000052637  0.0616679144 -0.0563827063 -0.2845571712 -0.2152754278  0.2414297287  0.4550654756  0.0723407871 -0.2582807383  0.3144357760  0.0074293584 -0.3421045086  0.1301350331  0.1261925282  0.1961345088 -0.2720255418  0.0508925363 -0.1755171413 -0.2126216639  0.1945332012
  0.0000000000  0.0000000000  0.0000000000  0.0000000000  0.0000000000  0.0000000000 -0.0000001764 -0.0000002749  0.0251610365 -0.1319180783 -0.0000007713 -0.0000001984 -0.0000013265 -0.0000006321  0.0000007510  0.0000034657  0.0000098212 -0.1069184490  0.0981492560 -0.2206903099 -0.0223426750  0.1393593090  0.2628837588  0.0408055859 -0.1491297500  0.1815476992  0.0950054598 -0.1849170366  0.1214165848 -0.0008055881 -0.3396961343  0.4722258052 -0.0820610035  0.3118955126  0.3615181809 -0.3369296365
  0.0000000000  0.0000000000  0.0000000000  0.0000000000  0.0000000000  0.0000000000  0.2588336292 -0.1487164846 -0.0000003269 -0.0000010083  0.3921056644  0.1609219983 -0.2559711884  0.4451365364  0.4275631288  0.2477434035 -0.3751633894 -0.0000239032 -0.0000002578 -0.0000013997 -0.0000019916  0.0000000405 -0.0000000764 -0.0000001411  0.0000000647 -0.0000000020 -0.0000004401  0.0000006441 -0.0000000843 -0.0000001587 -0.0000000674  0.0000000843  0.0000000938  0.0000001026 -0.0000003420 -0.0000000448
  0.0000000000  0.0000000000  0.0000000000  0.0000000000  0.0000000000  0.0000000000 -0.0000000482  0.0000000894  0.1049281584 -0.0227231036  0.0000001683 -0.0000002668  0.0000001979 -0.0000008404  0.0000005667  0.0000012875  0.0000062754 -0.0617419155 -0.0563897470 -0.2845367848 -0.2153168426  0.2414069986 -0.4550721554 -0.0722870331 -0.2582791080 -0.3144417163  0.0074876837 -0.3420912750 -0.1301231381 -0.1262411768  0.1960950655  0.2720787542 -0.0509488079 -0.1755112574 -0.2125743449 -0.1945215256
  0.0000000000  0.0000000000  0.0000000000  0.0000000000  0.0000000000  0.0000000000  0.0000001171 -0.0000000384 -0.0251614489  0.1319170012  0.0000000528  0.0000001721  0.0000006621  0.0000008026 -0.0000014170 -0.0000028456 -0.0000096868  0.1068588616  0.0981562022 -0.2206780488 -0.0223598679  0.1393998397 -0.2628940510 -0.0407749840 -0.1491104748 -0.1815471119  0.0950425617 -0.1849195695 -0.1213846264  0.0007927418 -0.3396337732 -0.4723270691  0.0821593885  0.3118898781  0.3614443812  0.3369225560
  0.0000000000  0.0000000000  0.0000000000  0.0000000000  0.0000000000  0.0000000000  0.2588411400 -0.1487038183 -0.0000006627 -0.0000009300  0.3921019963 -0.1609209138  0.2559928475 -0.4451250593  0.4275365819  0.2477770228  0.3751744137  0.0000450108  0.0000004200 -0.0000000700  0.0000021884  0.0000012319  0.0000003096  0.0000001450  0.0000009185 -0.0000000083  0.0000007770 -0.0000002820 -0.0000002017 -0.0000000754  0.0000000578  0.0000000366  0.0000000882  0.0000000499  0.0000003413  0.0000005451
  0.0000000000  0.0000000000  0.0000000000  0.0000000000  0.0000000000  0.0000000000  0.0000002136  0.0000002104  0.1459011621  0.0015055797  0.0000004097  0.0000002037  0.0000010201  0.0000009168 -0.0000010597 -0.0000035830 -0.0000114541  0.1234172254  0.1131025067  0.1009927139 -0.0017861121  0.0000231484 -0.0006494727 -0.0005266888  0.0000085529  0.0000019093 -0.0298409612 -0.0734914400  0.0752900058  0.0027860825 -0.3922458503  0.1889384771 -0.5201492137 -0.5419854673  0.1002491643  0.3893473045
  0.0000000000  0.0000000000  0.0000000000  0.0000000000  0.0000000000  0.0000000000  0.0000000556  0.0000001011 -0.0009374790  0.0909404898  0.0000005064 -0.0000000634  0.0000009511 -0.0000003910  0.0000005230 -0.0000011526  0.0000005089  0.0000306076  0.0000067034 -0.0071926824 -0.4078068513 -0.2787309706 -0.3346417484  0.4136401284  0.2982313402  0.3630993663  0.3636468438 -0.1475957117  0.0076412094 -0.2046100715  0.0000016719 -0.0029061958 -0.0010532459 -0.0009430850 -0.0051083209 -0.0000019227
  0.0000000000  0.0000000000  0.0000000000  0.0000000000  0.0000000000  0.0000000000 -0.0006409978  0.2985131416 -0.0000005597 -0.0000010212  0.3921045275 -0.1609209329 -0.5134849259  0.0008624309  0.0008053624 -0.4941496067  0.3751700492  0.0000231199  0.0000006626 -0.0000000115  0.0000011158  0.0000003733 -0.0000000223 -0.0000000543  0.0000001982 -0.0000000208  0.0000002764  0.0000000469 -0.0000000777 -0.0000000542  0.0000000782  0.0000000861  0.0000000472  0.0000001200  0.0000001390  0.0000003230
  0.0000000000  0.0000000000  0.0000000000  0.0000000000  0.0000000000  0.0000000000 -0.0000000855 -0.0000001018 -0.1459017251 -0.0015038246 -0.0000000905 -0.0000000398 -0.0000009500 -0.0000007355  0.0000014687  0.0000032964  0.0000109375 -0.1234256802  0.1130925375  0.1009966857 -0.0017827300 -0.0000210540  0.0006507868  0.0005238049 -0.0000099553  0.0000027519 -0.0298317331 -0.0734940511 -0.0752893010 -0.0028141795 -0.3922045614 -0.1887532732  0.5202621118 -0.5421974581  0.1002657624 -0.3890274709
  0.0000000000  0.0000000000  0.0000000000  0.0000000000  0.0000000000  0.0000000000  0.0000000525  0.0000001064  0.0009371393 -0.0909396007  0.0000000179 -0.0000000828  0.0000009196 -0.0000004427  0.0000004858 -0.0000011593  0.0000003955  0.0000577479  0.0000095720 -0.0072403468 -0.4078064155 -0.2787318677  0.3346954395 -0.4136008055  0.2982257225 -0.3630949786  0.3636273818 -0.1476478280 -0.0075776396  0.2046154299 -0.0000033438  0.0029032544  0.0010582525 -0.0009494742 -0.0051076071 -0.0000062802
  0.0000000000  0.0000000000  0.0000000000  0.0000000000  0.0000000000  0.0000000000 -0.0006244907  0.2985131922 -0.0000003521 -0.0000010364  0.3921046573  0.1609206642  0.5134849078 -0.0008949963  0.0007783726 -0.4941494712 -0.3751701975 -0.0000512955 -0.0000004293 -0.0000008196  0.0000035273  0.0000010266 -0.0000002101 -0.0000002124  0.0000007094  0.0000000179  0.0000013484 -0.0000001151  0.0000005508 -0.0000000912 -0.0000000873  0.0000001262 -0.0000001156  0.0000003423  0.0000004274 -0.0000007963
  0.0000000000  0.0000000000  0.0000000000  0.0000000000  0.0000000000  0.0000000000 -0.0000001498 -0.0000001575  0.1044364625  0.0248805492 -0.0000000058 -0.0000000477 -0.0000011507 -0.0000002706  0.0000002466  0.0000025467  0.0000057077 -0.0616727489 -0.0563957591 -0.2767607544  0.2252085134 -0.2414334440 -0.1657144969 -0.4299496393  0.2582768176  0.3144352297 -0.2437929162 -0.2401181473 -0.1391530215  0.1161802819  0.1960959896 -0.1759594806 -0.2135871149 -0.0879577220  0.2613399454 -0.1945265133
  0.0000000000  0.0000000000  0.0000000000  0.0000000000  0.0000000000  0.0000000000 -0.0000001279 -0.0000002464  0.0224359398  0.1324072949  0.0000003556  0.0000000254 -0.0000013682 -0.0000004243  0.0000014131  0.0000031836  0.0000094716 -0.1069027831 -0.0981573671  0.2197630601 -0.0301413262  0.1393620806  0.0947697199  0.2485746125 -0.1491279456 -0.1815456046  0.1970170508  0.0663655103  0.1210227339  0.0098211634  0.3396327960 -0.3094925279 -0.3659604543 -0.1621332415  0.4491739600 -0.3369229287
  0.0000000000  0.0000000000  0.0000000000  0.0000000000  0.0000000000  0.0000000000 -0.2582008430 -0.1498124021 -0.0000005988 -0.0000009184  0.3921054799 -0.1609223035  0.2574932001  0.4442578059 -0.4283550166  0.2463716633  0.3751635239  0.0000316214  0.0000003858  0.0000009027 -0.0000002614 -0.0000002055  0.0000000693 -0.0000000876 -0.0000001250 -0.0000000013  0.0000001016 -0.0000002211 -0.0000000397 -0.0000000966  0.0000000374  0.0000000235  0.0000000411 -0.0000000017  0.0000001113  0.0000001933
