-2.23507400 31.97207100   
0.00000000 31.97207100   
0.00000000 31.97207100 
0.00497200 12.00000000  
-2.33202900 12.00000000   
0.00000000  12.00000000 
0.00497200 12.00000000   
2.33202900 12.00000000   
0.00000000  12.00000000 
2.41136900 12.00000000  
-1.33530900 12.00000000   
0.00000000  12.00000000 
2.41136900 12.00000000   
1.33530900 12.00000000   
0.00000000  12.00000000 
-0.55569900 1.00782500  
-4.28997400 1.00782500   
0.00000000   1.00782500 
-0.55569900 1.00782500   
4.28997400 1.00782500   
0.00000000 1.00782500 
4.09554000 1.00782500 
-2.48825800 1.00782500  
0.00000000   1.00782500 
4.09554000 1.00782500  
2.48825800 1.00782500  
0.00000000   1.00782500 
