  0.0000000000  0.0000000000  0.0000000000  0.0000000000  0.0000000000  0.0000000000  0.0000000000  0.0000000000  0.7144089103  0.0000000000  0.0000000000  0.0000000000  0.0000000000  0.2913726566  0.0000000000  0.0000000000 -0.0814499600 -0.0546481562  0.0000000000  0.0000000000 -0.0695772918 -0.0265417767  0.0000000000  0.0000000000  0.0000000000  0.0000000000  0.0000000000
  0.0000000000  0.0000000000  0.0000000000  0.0000000000  0.0000000000  0.0000000000  0.0000000000  0.0000000000  0.0000000000  0.0000000000  0.0000000000  0.4401495450  0.0000000000  0.0000000000  0.0000000000  0.3871110340  0.0000000000  0.0000000000 -0.1046005689 -0.0476677731  0.0000000000  0.0000000000  0.0000000000  0.0000000000  0.0000000000  0.0000000000  0.0000000000
  0.0000000000  0.0000000000  0.0000000000  0.0000000000  0.0000000000  0.0000000000  0.4197137827  0.0000000000  0.0000000000  0.0000000000 -0.0534408364  0.0000000000  0.0512436159  0.0000000000  0.0000000000  0.0000000000  0.0000000000  0.0000000000  0.0000000000  0.0000000000  0.0000000000  0.0000000000  0.0000000000  0.0000000000  0.0000000000  0.0000000000  0.0000000000
  0.0000000000  0.0000000000  0.0000000000  0.0000000000  0.0000000000  0.0000000000  0.0000000000  0.0000000000 -0.2132264592  0.0000000000  0.0000000000  0.3101011210  0.0000000000 -0.2142077988  0.0000000000  0.0169399745 -0.0997989816 -0.0334796379 -0.1602061906 -0.3212349478  0.4901969442 -0.1300843994  0.3818726385  0.0000000000  0.0000000000  0.0656232988 -0.0662553418
  0.0000000000  0.0000000000  0.0000000000  0.0000000000  0.0000000000  0.0000000000  0.0000000000  0.0000000000 -0.2581162401  0.0000000000  0.0000000000 -0.0943786021  0.0000000000  0.5533701469  0.0000000000 -0.5081992363 -0.2245477087  0.0334796379 -0.1602061906  0.1460158854  0.0213129106 -0.1788660492  0.0996189492 -0.0332599617  0.0661274723  0.1968698965 -0.1987660255
  0.0000000000  0.0000000000  0.0000000000  0.0000000000  0.0000000000  0.0000000000 -0.5445177597  0.3913336454  0.0000000000  0.2203356264  0.1309599428  0.0000000000  0.1883632852  0.0000000000 -0.0915136774  0.0000000000  0.0000000000  0.0000000000  0.0000000000  0.0000000000  0.0000000000  0.0000000000  0.0000000000  0.0000000000  0.0000000000  0.0000000000  0.0000000000
  0.0000000000  0.0000000000  0.0000000000  0.0000000000  0.0000000000  0.0000000000  0.0000000000  0.0000000000 -0.2132264592  0.0000000000  0.0000000000 -0.3101011210  0.0000000000 -0.2142077988  0.0000000000 -0.0169399745 -0.0997989816 -0.0334796379  0.1602061906  0.3212349478  0.4901969442 -0.1300843994 -0.3818726385  0.0000000000  0.0000000000 -0.0656232988 -0.0662553418
  0.0000000000  0.0000000000  0.0000000000  0.0000000000  0.0000000000  0.0000000000  0.0000000000  0.0000000000  0.2581162401  0.0000000000  0.0000000000 -0.0943786021  0.0000000000 -0.5533701469  0.0000000000 -0.5081992363  0.2245477087 -0.0334796379 -0.1602061906  0.1460158854 -0.0213129106  0.1788660492  0.0996189492 -0.0332599617 -0.0661274723  0.1968698965  0.1987660255
  0.0000000000  0.0000000000  0.0000000000  0.0000000000  0.0000000000  0.0000000000 -0.5445177597 -0.3913336454  0.0000000000 -0.2203356264  0.1309599428  0.0000000000  0.1883632852  0.0000000000  0.0915136774  0.0000000000  0.0000000000  0.0000000000  0.0000000000  0.0000000000  0.0000000000  0.0000000000  0.0000000000  0.0000000000  0.0000000000  0.0000000000  0.0000000000
  0.0000000000  0.0000000000  0.0000000000  0.0000000000  0.0000000000  0.0000000000  0.0000000000  0.0000000000 -0.3254509114  0.0000000000  0.0000000000  0.4179623805  0.0000000000  0.0357012998  0.0000000000 -0.1863397200  0.2744471995  0.1004389137  0.0640824762  0.0292031771 -0.2983807486  0.2276476990 -0.4648884295 -0.1662998086  0.1653186807 -0.0656232988  0.0662553418
  0.0000000000  0.0000000000  0.0000000000  0.0000000000  0.0000000000  0.0000000000  0.0000000000  0.0000000000 -0.0112224452  0.0000000000  0.0000000000 -0.2831358062  0.0000000000  0.0357012998  0.0000000000  0.2032796945 -0.3492964357  0.1339185516  0.1281649525 -0.1752190625  0.0852516425  0.5691192476 -0.2158410566  0.0997798851 -0.1322549445  0.0328116494 -0.0331276709
  0.0000000000  0.0000000000  0.0000000000  0.0000000000  0.0000000000  0.0000000000  0.2268823999 -0.4845083228  0.0000000000  0.2203356264  0.1636999285  0.0000000000 -0.2511510470  0.0000000000  0.3355501503  0.0000000000  0.0000000000  0.0000000000  0.0000000000  0.0000000000  0.0000000000  0.0000000000  0.0000000000  0.0000000000  0.0000000000  0.0000000000  0.0000000000
  0.0000000000  0.0000000000  0.0000000000  0.0000000000  0.0000000000  0.0000000000  0.0000000000  0.0000000000 -0.3254509114  0.0000000000  0.0000000000 -0.4179623805  0.0000000000  0.0357012998  0.0000000000  0.1863397200  0.2744471995  0.1004389137 -0.0640824762 -0.0292031771 -0.2983807486  0.2276476990  0.4648884295  0.1662998086  0.1653186807  0.0656232988  0.0662553418
  0.0000000000  0.0000000000  0.0000000000  0.0000000000  0.0000000000  0.0000000000  0.0000000000  0.0000000000  0.0112224452  0.0000000000  0.0000000000 -0.2831358062  0.0000000000 -0.0357012998  0.0000000000  0.2032796945  0.3492964357 -0.1339185516  0.1281649525 -0.1752190625 -0.0852516425 -0.5691192476 -0.2158410566  0.0997798851  0.1322549445  0.0328116494  0.0331276709
  0.0000000000  0.0000000000  0.0000000000  0.0000000000  0.0000000000  0.0000000000  0.2268823999  0.4845083228  0.0000000000 -0.2203356264  0.1636999285  0.0000000000 -0.2511510470  0.0000000000 -0.3355501503  0.0000000000  0.0000000000  0.0000000000  0.0000000000  0.0000000000  0.0000000000  0.0000000000  0.0000000000  0.0000000000  0.0000000000  0.0000000000  0.0000000000
  0.0000000000  0.0000000000  0.0000000000  0.0000000000  0.0000000000  0.0000000000  0.0000000000  0.0000000000 -0.1300916512  0.0000000000  0.0000000000 -0.0195365307  0.0000000000 -0.1655411437  0.0000000000  0.1865513046 -0.4121382423 -0.3492892291 -0.5199951070  0.3469891533 -0.3211796702 -0.1036716118 -0.0577396162  0.0385552636 -0.0670736449 -0.1806689847  0.1728085989
  0.0000000000  0.0000000000  0.0000000000  0.0000000000  0.0000000000  0.0000000000  0.0000000000  0.0000000000 -0.0520366605  0.0000000000  0.0000000000  0.0039073061  0.0000000000  0.2017532688  0.0000000000 -0.2012790392  0.0361524774  0.1067272645  0.0835706422 -0.0846315008  0.1482367709 -0.0424111139  0.0962326936  0.1542210545 -0.2299667823 -0.6275869996  0.6048300962
  0.0000000000  0.0000000000  0.0000000000  0.0000000000  0.0000000000  0.0000000000 -0.2104033868  0.0000000000  0.0000000000 -0.6294159091 -0.5218469091  0.0000000000 -0.4094109560  0.0000000000  0.1679655801  0.0000000000  0.0000000000  0.0000000000  0.0000000000  0.0000000000  0.0000000000  0.0000000000  0.0000000000  0.0000000000  0.0000000000  0.0000000000  0.0000000000
  0.0000000000  0.0000000000  0.0000000000  0.0000000000  0.0000000000  0.0000000000  0.0000000000  0.0000000000 -0.1300916512  0.0000000000  0.0000000000  0.0195365307  0.0000000000 -0.1655411437  0.0000000000 -0.1865513046 -0.4121382423 -0.3492892291  0.5199951070 -0.3469891533 -0.3211796702 -0.1036716118  0.0577396162 -0.0385552636 -0.0670736449  0.1806689847  0.1728085989
  0.0000000000  0.0000000000  0.0000000000  0.0000000000  0.0000000000  0.0000000000  0.0000000000  0.0000000000  0.0520366605  0.0000000000  0.0000000000  0.0039073061  0.0000000000 -0.2017532688  0.0000000000 -0.2012790392 -0.0361524774 -0.1067272645  0.0835706422 -0.0846315008 -0.1482367709  0.0424111139  0.0962326936  0.1542210545  0.2299667823 -0.6275869996 -0.6048300962
  0.0000000000  0.0000000000  0.0000000000  0.0000000000  0.0000000000  0.0000000000 -0.2104033868  0.0000000000  0.0000000000  0.6294159091 -0.5218469091  0.0000000000 -0.4094109560  0.0000000000 -0.1679655801  0.0000000000  0.0000000000  0.0000000000  0.0000000000  0.0000000000  0.0000000000  0.0000000000  0.0000000000  0.0000000000  0.0000000000  0.0000000000  0.0000000000
  0.0000000000  0.0000000000  0.0000000000  0.0000000000  0.0000000000  0.0000000000  0.0000000000  0.0000000000 -0.0487843692  0.0000000000  0.0000000000  0.2031799197  0.0000000000 -0.1034632148  0.0000000000 -0.0098184897 -0.0072304955  0.3298842720  0.2135694190  0.2877471027 -0.1729428993 -0.1790691477  0.0625512509  0.5494125065 -0.5174252603  0.1331245151 -0.1920095543
  0.0000000000  0.0000000000  0.0000000000  0.0000000000  0.0000000000  0.0000000000  0.0000000000  0.0000000000  0.0682981169  0.0000000000  0.0000000000  0.0390730615  0.0000000000 -0.1551948222  0.0000000000  0.1227311215 -0.2602978372  0.4754214508  0.3157113150  0.3639154534 -0.0741183854 -0.1743568017  0.2550166381 -0.3662750044  0.3545321228 -0.0855800454  0.1344066880
  0.0000000000  0.0000000000  0.0000000000  0.0000000000  0.0000000000  0.0000000000  0.1402689245 -0.3348278112  0.0000000000 -0.0820977273 -0.4269656529  0.0000000000  0.4821951259  0.0000000000 -0.5922996770  0.0000000000  0.0000000000  0.0000000000  0.0000000000  0.0000000000  0.0000000000  0.0000000000  0.0000000000  0.0000000000  0.0000000000  0.0000000000  0.0000000000
  0.0000000000  0.0000000000  0.0000000000  0.0000000000  0.0000000000  0.0000000000  0.0000000000  0.0000000000 -0.0487843692  0.0000000000  0.0000000000 -0.2031799197  0.0000000000 -0.1034632148  0.0000000000  0.0098184897 -0.0072304955  0.3298842720 -0.2135694190 -0.2877471027 -0.1729428993 -0.1790691477 -0.0625512509 -0.5494125065 -0.5174252603 -0.1331245151 -0.1920095543
  0.0000000000  0.0000000000  0.0000000000  0.0000000000  0.0000000000  0.0000000000  0.0000000000  0.0000000000 -0.0682981169  0.0000000000  0.0000000000  0.0390730615  0.0000000000  0.1551948222  0.0000000000  0.1227311215  0.2602978372 -0.4754214508  0.3157113150  0.3639154534  0.0741183854  0.1743568017  0.2550166381 -0.3662750044 -0.3545321228 -0.0855800454 -0.1344066880
  0.0000000000  0.0000000000  0.0000000000  0.0000000000  0.0000000000  0.0000000000  0.1402689245  0.3348278112  0.0000000000  0.0820977273 -0.4269656529  0.0000000000  0.4821951259  0.0000000000  0.5922996770  0.0000000000  0.0000000000  0.0000000000  0.0000000000  0.0000000000  0.0000000000  0.0000000000  0.0000000000  0.0000000000  0.0000000000  0.0000000000  0.0000000000
