-2.19036000 31.97207100
0.00044000  31.97207100
-0.00000000  31.97207100 
0.06767000 12.00000000 
-2.34361000 12.00000000 
-0.00004000  12.00000000 
 0.06877000 12.00000000  
2.34345000 12.00000000   
0.00004000  12.00000000 
 2.44634000 12.00000000  
-1.35742000 12.00000000  
-0.00003000  12.00000000 
 2.44710000 12.00000000   
1.35649000 12.00000000   
0.00003000  12.00000000 
-0.46819000  1.00782500  
-4.30424000  1.00782500  
-0.00005000   1.00782500 
-0.46629000  1.00782500   
4.30427000  1.00782500   
0.00005000 1.00782500 
4.13756000  1.00782500 
-2.49371000 1.00782500  
-0.00000000 1.00782500 
4.13893000 1.00782500   
2.49190000 1.00782500  
0.00000000 1.00782500 
